MTP
version = 1.1.0
potential_name = MTP1m
scaling = 4.507324411032953e-02
species_count = 1
potential_tag = 
radial_basis_type = RBChebyshev
	min_dist = 2.000000000000000e+00
	max_dist = 5.000000000000000e+00
	radial_basis_size = 8
	radial_funcs_count = 3
	radial_coeffs
		0-0
			{1.510987114182283e-01, 6.476150918095147e-01, -4.979353627670195e-01, -2.312074030904120e-01, 5.033784928851639e-01, 2.804042060661697e-02, -4.620886017374146e-02, 7.480085887055367e-03}
			{2.642399874507561e-01, -3.778410220680015e-01, -6.789204539855479e-01, 2.401210446197712e-01, -1.059473875258744e-01, -4.324892406995613e-01, 2.537522732336785e-01, -7.848747001719081e-02}
			{-3.748704798502905e-01, 3.982476265700993e-01, -4.229921980447086e-04, 3.636781237406680e-01, -2.401587798119725e-01, -5.312316115969415e-01, -4.314351808239235e-01, -2.063720279614772e-01}
alpha_moments_count = 41
alpha_index_basic_count = 25
alpha_index_basic = {{0, 0, 0, 0}, {0, 1, 0, 0}, {0, 0, 1, 0}, {0, 0, 0, 1}, {0, 2, 0, 0}, {0, 1, 1, 0}, {0, 1, 0, 1}, {0, 0, 2, 0}, {0, 0, 1, 1}, {0, 0, 0, 2}, {0, 3, 0, 0}, {0, 2, 1, 0}, {0, 2, 0, 1}, {0, 1, 2, 0}, {0, 1, 1, 1}, {0, 1, 0, 2}, {0, 0, 3, 0}, {0, 0, 2, 1}, {0, 0, 1, 2}, {0, 0, 0, 3}, {1, 0, 0, 0}, {1, 1, 0, 0}, {1, 0, 1, 0}, {1, 0, 0, 1}, {2, 0, 0, 0}}
alpha_index_times_count = 42
alpha_index_times = {{0, 0, 1, 25}, {1, 1, 1, 26}, {2, 2, 1, 26}, {3, 3, 1, 26}, {1, 4, 1, 27}, {2, 5, 1, 27}, {3, 6, 1, 27}, {1, 5, 1, 28}, {2, 7, 1, 28}, {3, 8, 1, 28}, {1, 6, 1, 29}, {2, 8, 1, 29}, {3, 9, 1, 29}, {4, 4, 1, 30}, {5, 5, 2, 30}, {6, 6, 2, 30}, {7, 7, 1, 30}, {8, 8, 2, 30}, {9, 9, 1, 30}, {10, 10, 1, 31}, {11, 11, 3, 31}, {12, 12, 3, 31}, {13, 13, 3, 31}, {14, 14, 6, 31}, {15, 15, 3, 31}, {16, 16, 1, 31}, {17, 17, 3, 31}, {18, 18, 3, 31}, {19, 19, 1, 31}, {0, 20, 1, 32}, {1, 21, 1, 33}, {2, 22, 1, 33}, {3, 23, 1, 33}, {0, 25, 1, 34}, {0, 26, 1, 35}, {0, 30, 1, 36}, {1, 27, 1, 37}, {2, 28, 1, 37}, {3, 29, 1, 37}, {0, 32, 1, 38}, {0, 34, 1, 39}, {0, 35, 1, 40}}
alpha_scalar_moments = 16
alpha_moment_mapping = {0, 20, 24, 25, 26, 30, 31, 32, 33, 34, 35, 36, 37, 38, 39, 40}
species_coeffs = {-5.037962615162224e+00}
moment_coeffs = {-7.585056610320963e-02, 1.431711551117180e-01, -2.199473807773103e-01, -2.543601721163165e+00, 1.911486478112075e+00, 1.509334584228399e+00, -1.919065683315037e+00, 2.436416446870053e-01, -3.236366970560454e-01, -7.698820355027672e+00, 1.676718163111479e+00, 2.177358916058102e+00, -7.611259843788467e-01, -1.371870706038495e-01, -7.300687536699358e+00, 3.738594697423696e+00}