MTP
version = 1.1.0
potential_name = MTP1m
scaling = 9.346387898717928e-02
species_count = 1
potential_tag = 
radial_basis_type = RBChebyshev
	min_dist = 2.000000000000000e+00
	max_dist = 5.000000000000000e+00
	radial_basis_size = 8
	radial_funcs_count = 3
	radial_coeffs
		0-0
			{5.582153111043956e-01, -6.659186451068985e-01, -5.868726885931627e-03, -3.116980542814406e-01, -3.285502130806928e-01, -1.360064684874931e-01, 1.457331319834696e-01, -8.761107578311361e-03}
			{-3.784801617038803e-01, -3.461954199856571e-02, -2.282445617270493e-01, -9.335790847042978e-02, -7.492588642475504e-01, 3.747765584013940e-01, -2.459222864819263e-01, 1.800524626525477e-01}
			{-3.052519817585362e-01, -8.622909767135063e-02, -2.637749535644975e-01, -6.010771947027971e-01, 2.841808288655418e-01, -4.089826851979200e-01, -2.376705204901080e-01, 4.049714716261973e-01}
alpha_moments_count = 41
alpha_index_basic_count = 25
alpha_index_basic = {{0, 0, 0, 0}, {0, 1, 0, 0}, {0, 0, 1, 0}, {0, 0, 0, 1}, {0, 2, 0, 0}, {0, 1, 1, 0}, {0, 1, 0, 1}, {0, 0, 2, 0}, {0, 0, 1, 1}, {0, 0, 0, 2}, {0, 3, 0, 0}, {0, 2, 1, 0}, {0, 2, 0, 1}, {0, 1, 2, 0}, {0, 1, 1, 1}, {0, 1, 0, 2}, {0, 0, 3, 0}, {0, 0, 2, 1}, {0, 0, 1, 2}, {0, 0, 0, 3}, {1, 0, 0, 0}, {1, 1, 0, 0}, {1, 0, 1, 0}, {1, 0, 0, 1}, {2, 0, 0, 0}}
alpha_index_times_count = 42
alpha_index_times = {{0, 0, 1, 25}, {1, 1, 1, 26}, {2, 2, 1, 26}, {3, 3, 1, 26}, {1, 4, 1, 27}, {2, 5, 1, 27}, {3, 6, 1, 27}, {1, 5, 1, 28}, {2, 7, 1, 28}, {3, 8, 1, 28}, {1, 6, 1, 29}, {2, 8, 1, 29}, {3, 9, 1, 29}, {4, 4, 1, 30}, {5, 5, 2, 30}, {6, 6, 2, 30}, {7, 7, 1, 30}, {8, 8, 2, 30}, {9, 9, 1, 30}, {10, 10, 1, 31}, {11, 11, 3, 31}, {12, 12, 3, 31}, {13, 13, 3, 31}, {14, 14, 6, 31}, {15, 15, 3, 31}, {16, 16, 1, 31}, {17, 17, 3, 31}, {18, 18, 3, 31}, {19, 19, 1, 31}, {0, 20, 1, 32}, {1, 21, 1, 33}, {2, 22, 1, 33}, {3, 23, 1, 33}, {0, 25, 1, 34}, {0, 26, 1, 35}, {0, 30, 1, 36}, {1, 27, 1, 37}, {2, 28, 1, 37}, {3, 29, 1, 37}, {0, 32, 1, 38}, {0, 34, 1, 39}, {0, 35, 1, 40}}
alpha_scalar_moments = 16
alpha_moment_mapping = {0, 20, 24, 25, 26, 30, 31, 32, 33, 34, 35, 36, 37, 38, 39, 40}
species_coeffs = {-2.129802887710153e+01}
moment_coeffs = {7.911916504126074e+00, -2.161245829069686e+00, 8.011668170630458e-02, -3.532380585836946e-01, -1.868288121125033e+02, 7.985404510933753e+00, -3.937666601169308e-01, 1.236194283334512e+00, -2.452832287086247e-01, -9.534830737168163e-01, 1.127439308755774e+02, -2.223147202029549e+00, -2.694135572686693e+00, -1.944018337839560e-01, 2.247875540375092e-01, -1.675924097850996e+01}