MTP
version = 1.1.0
potential_name = MTP1m
scaling = 4.917081175672312e-02
species_count = 1
potential_tag = 
radial_basis_type = RBChebyshev
	min_dist = 2.000000000000000e+00
	max_dist = 5.000000000000000e+00
	radial_basis_size = 8
	radial_funcs_count = 3
	radial_coeffs
		0-0
			{5.499005318591200e-01, -7.424831056971353e-01, -3.007355833378659e-01, 4.558597147437260e-02, 4.188550877496737e-02, -1.781500705148168e-01, -7.002318898439083e-02, -1.241498275039038e-01}
			{2.090911993942570e-01, 6.814087307343265e-02, 1.524782128198359e-01, 7.144110064344664e-01, 4.543340535600934e-01, 3.476271849825830e-01, -2.292953117811088e-01, 1.953575375693661e-01}
			{-2.994591229949705e-01, -8.843974387594807e-02, -3.767022919932072e-01, -3.547780248982159e-01, 7.646568901258661e-01, -1.170780884706161e-03, 4.481447289321277e-02, 2.191362897584239e-01}
alpha_moments_count = 41
alpha_index_basic_count = 25
alpha_index_basic = {{0, 0, 0, 0}, {0, 1, 0, 0}, {0, 0, 1, 0}, {0, 0, 0, 1}, {0, 2, 0, 0}, {0, 1, 1, 0}, {0, 1, 0, 1}, {0, 0, 2, 0}, {0, 0, 1, 1}, {0, 0, 0, 2}, {0, 3, 0, 0}, {0, 2, 1, 0}, {0, 2, 0, 1}, {0, 1, 2, 0}, {0, 1, 1, 1}, {0, 1, 0, 2}, {0, 0, 3, 0}, {0, 0, 2, 1}, {0, 0, 1, 2}, {0, 0, 0, 3}, {1, 0, 0, 0}, {1, 1, 0, 0}, {1, 0, 1, 0}, {1, 0, 0, 1}, {2, 0, 0, 0}}
alpha_index_times_count = 42
alpha_index_times = {{0, 0, 1, 25}, {1, 1, 1, 26}, {2, 2, 1, 26}, {3, 3, 1, 26}, {1, 4, 1, 27}, {2, 5, 1, 27}, {3, 6, 1, 27}, {1, 5, 1, 28}, {2, 7, 1, 28}, {3, 8, 1, 28}, {1, 6, 1, 29}, {2, 8, 1, 29}, {3, 9, 1, 29}, {4, 4, 1, 30}, {5, 5, 2, 30}, {6, 6, 2, 30}, {7, 7, 1, 30}, {8, 8, 2, 30}, {9, 9, 1, 30}, {10, 10, 1, 31}, {11, 11, 3, 31}, {12, 12, 3, 31}, {13, 13, 3, 31}, {14, 14, 6, 31}, {15, 15, 3, 31}, {16, 16, 1, 31}, {17, 17, 3, 31}, {18, 18, 3, 31}, {19, 19, 1, 31}, {0, 20, 1, 32}, {1, 21, 1, 33}, {2, 22, 1, 33}, {3, 23, 1, 33}, {0, 25, 1, 34}, {0, 26, 1, 35}, {0, 30, 1, 36}, {1, 27, 1, 37}, {2, 28, 1, 37}, {3, 29, 1, 37}, {0, 32, 1, 38}, {0, 34, 1, 39}, {0, 35, 1, 40}}
alpha_scalar_moments = 16
alpha_moment_mapping = {0, 20, 24, 25, 26, 30, 31, 32, 33, 34, 35, 36, 37, 38, 39, 40}
species_coeffs = {-1.420440779379699e+01}
moment_coeffs = {1.062746932936731e+01, 1.030820874157219e+01, 4.765944873892369e-01, 1.184501494819157e+00, -3.997998958278041e+01, -4.697933218665025e+00, -1.343393382930966e+00, -1.209148987209823e+01, 1.324616369276544e+00, -3.183239974613608e+00, 5.218780310019945e+01, 2.441842060933472e+00, 4.690700492192897e+00, 3.405552112424151e+00, 5.877605329098859e-01, -1.659238370871293e+01}