MTP
version = 1.1.0
potential_name = MTP1m
scaling = 1.372267114088219e-02
species_count = 1
potential_tag = 
radial_basis_type = RBChebyshev
	min_dist = 2.000000000000000e+00
	max_dist = 5.000000000000000e+00
	radial_basis_size = 8
	radial_funcs_count = 3
	radial_coeffs
		0-0
			{-6.741074654539818e-01, -3.372216595669812e-02, -4.051931627239013e-01, -2.717150110212984e-01, 3.694484281624864e-01, 2.693941392064423e-01, -3.063778505988917e-01, 5.914949502562589e-02}
			{-2.783872147272808e-01, 5.300822162927207e-02, 2.726938887869141e-02, 1.078371619490126e-01, 2.088658407800716e-01, -8.192026075064222e-01, -7.688309696043218e-02, -4.320756311813237e-01}
			{-5.715370685686801e-02, -6.760163633462393e-01, -2.796712347377937e-01, -3.060848864990853e-03, 1.301902151686625e-01, -1.020503522991697e-01, 6.545670962648744e-01, 7.541956710583519e-02}
alpha_moments_count = 41
alpha_index_basic_count = 25
alpha_index_basic = {{0, 0, 0, 0}, {0, 1, 0, 0}, {0, 0, 1, 0}, {0, 0, 0, 1}, {0, 2, 0, 0}, {0, 1, 1, 0}, {0, 1, 0, 1}, {0, 0, 2, 0}, {0, 0, 1, 1}, {0, 0, 0, 2}, {0, 3, 0, 0}, {0, 2, 1, 0}, {0, 2, 0, 1}, {0, 1, 2, 0}, {0, 1, 1, 1}, {0, 1, 0, 2}, {0, 0, 3, 0}, {0, 0, 2, 1}, {0, 0, 1, 2}, {0, 0, 0, 3}, {1, 0, 0, 0}, {1, 1, 0, 0}, {1, 0, 1, 0}, {1, 0, 0, 1}, {2, 0, 0, 0}}
alpha_index_times_count = 42
alpha_index_times = {{0, 0, 1, 25}, {1, 1, 1, 26}, {2, 2, 1, 26}, {3, 3, 1, 26}, {1, 4, 1, 27}, {2, 5, 1, 27}, {3, 6, 1, 27}, {1, 5, 1, 28}, {2, 7, 1, 28}, {3, 8, 1, 28}, {1, 6, 1, 29}, {2, 8, 1, 29}, {3, 9, 1, 29}, {4, 4, 1, 30}, {5, 5, 2, 30}, {6, 6, 2, 30}, {7, 7, 1, 30}, {8, 8, 2, 30}, {9, 9, 1, 30}, {10, 10, 1, 31}, {11, 11, 3, 31}, {12, 12, 3, 31}, {13, 13, 3, 31}, {14, 14, 6, 31}, {15, 15, 3, 31}, {16, 16, 1, 31}, {17, 17, 3, 31}, {18, 18, 3, 31}, {19, 19, 1, 31}, {0, 20, 1, 32}, {1, 21, 1, 33}, {2, 22, 1, 33}, {3, 23, 1, 33}, {0, 25, 1, 34}, {0, 26, 1, 35}, {0, 30, 1, 36}, {1, 27, 1, 37}, {2, 28, 1, 37}, {3, 29, 1, 37}, {0, 32, 1, 38}, {0, 34, 1, 39}, {0, 35, 1, 40}}
alpha_scalar_moments = 16
alpha_moment_mapping = {0, 20, 24, 25, 26, 30, 31, 32, 33, 34, 35, 36, 37, 38, 39, 40}
species_coeffs = {-1.000618504046930e+00}
moment_coeffs = {3.199658672458683e+01, 2.128657215357111e+00, 2.512981500843456e+00, 1.110906900228769e+02, 3.854335999813760e+01, -1.584129784747303e+01, -2.214967845047527e+01, 1.333791941475488e+01, 5.225392109764633e+00, 1.583583539467778e+02, 4.986296667221920e+01, -3.254826777718318e+01, 2.483576914032970e+01, 2.692161206450873e+01, 7.435652976152157e+01, 3.318851939471327e+01}