MTP
version = 1.1.0
potential_name = MTP1m
scaling = 2.173671108715738e-02
species_count = 1
potential_tag = 
radial_basis_type = RBChebyshev
	min_dist = 2.000000000000000e+00
	max_dist = 5.000000000000000e+00
	radial_basis_size = 8
	radial_funcs_count = 3
	radial_coeffs
		0-0
			{3.677285370780106e-01, -1.394800736145208e-01, -5.719469861372095e-01, -1.508378544860618e-01, -3.893191347774635e-01, -5.000362640926558e-01, 3.559262662468817e-02, -3.042583257758129e-01}
			{-2.708890672123639e-01, 6.743260953372527e-01, -5.286971009774249e-01, -2.191650156708151e-01, 3.663714935066394e-01, -5.281927695091329e-02, 9.506746784399103e-03, 8.509509639093304e-02}
			{-3.028594701576976e-01, -2.008410906224253e-01, 6.710973761712771e-02, 3.719942665462621e-01, 3.230278677767091e-01, -6.723357424030432e-01, 3.816438790844314e-01, 1.517271937110547e-01}
alpha_moments_count = 41
alpha_index_basic_count = 25
alpha_index_basic = {{0, 0, 0, 0}, {0, 1, 0, 0}, {0, 0, 1, 0}, {0, 0, 0, 1}, {0, 2, 0, 0}, {0, 1, 1, 0}, {0, 1, 0, 1}, {0, 0, 2, 0}, {0, 0, 1, 1}, {0, 0, 0, 2}, {0, 3, 0, 0}, {0, 2, 1, 0}, {0, 2, 0, 1}, {0, 1, 2, 0}, {0, 1, 1, 1}, {0, 1, 0, 2}, {0, 0, 3, 0}, {0, 0, 2, 1}, {0, 0, 1, 2}, {0, 0, 0, 3}, {1, 0, 0, 0}, {1, 1, 0, 0}, {1, 0, 1, 0}, {1, 0, 0, 1}, {2, 0, 0, 0}}
alpha_index_times_count = 42
alpha_index_times = {{0, 0, 1, 25}, {1, 1, 1, 26}, {2, 2, 1, 26}, {3, 3, 1, 26}, {1, 4, 1, 27}, {2, 5, 1, 27}, {3, 6, 1, 27}, {1, 5, 1, 28}, {2, 7, 1, 28}, {3, 8, 1, 28}, {1, 6, 1, 29}, {2, 8, 1, 29}, {3, 9, 1, 29}, {4, 4, 1, 30}, {5, 5, 2, 30}, {6, 6, 2, 30}, {7, 7, 1, 30}, {8, 8, 2, 30}, {9, 9, 1, 30}, {10, 10, 1, 31}, {11, 11, 3, 31}, {12, 12, 3, 31}, {13, 13, 3, 31}, {14, 14, 6, 31}, {15, 15, 3, 31}, {16, 16, 1, 31}, {17, 17, 3, 31}, {18, 18, 3, 31}, {19, 19, 1, 31}, {0, 20, 1, 32}, {1, 21, 1, 33}, {2, 22, 1, 33}, {3, 23, 1, 33}, {0, 25, 1, 34}, {0, 26, 1, 35}, {0, 30, 1, 36}, {1, 27, 1, 37}, {2, 28, 1, 37}, {3, 29, 1, 37}, {0, 32, 1, 38}, {0, 34, 1, 39}, {0, 35, 1, 40}}
alpha_scalar_moments = 16
alpha_moment_mapping = {0, 20, 24, 25, 26, 30, 31, 32, 33, 34, 35, 36, 37, 38, 39, 40}
species_coeffs = {-2.983711652643661e+00}
moment_coeffs = {-2.617089731967811e+00, 2.159455202150565e+00, 6.323910581142337e-01, 2.165805814412906e+00, 2.522744561433184e-01, 9.636255301607369e-01, -3.665438929713019e+00, -2.331477085012255e+00, -6.736810081086126e+00, -9.374115757320630e-01, 3.200654222101722e+00, -1.466351980310336e+00, 2.594029028900125e+00, 1.880537542750685e+00, 4.970298127961327e-01, -6.345780035891413e-01}