MTP
version = 1.1.0
potential_name = MTP1m
scaling = 2.608405330458885e-02
species_count = 1
potential_tag = 
radial_basis_type = RBChebyshev
	min_dist = 2.000000000000000e+00
	max_dist = 5.000000000000000e+00
	radial_basis_size = 8
	radial_funcs_count = 3
	radial_coeffs
		0-0
			{-2.647401660750083e-01, 4.612568997770459e-01, -1.807913010106859e-01, -3.860377928726473e-01, 3.962767270639234e-01, -2.305041944992705e-01, -5.562762262837245e-01, -1.258307434803188e-01}
			{6.929903584861047e-01, 4.866772480966176e-01, 1.967169775325516e-01, 2.180544067886320e-01, 3.246927935612758e-01, -3.808688014945574e-03, 2.324857885436747e-02, 3.011376963237097e-01}
			{-3.853091923585159e-01, 4.174256712336791e-01, 3.901314334402521e-01, 4.841466258467664e-01, 7.574821216058536e-02, 1.213494927393391e-01, 1.806581195360323e-01, -4.874333765903507e-01}
alpha_moments_count = 41
alpha_index_basic_count = 25
alpha_index_basic = {{0, 0, 0, 0}, {0, 1, 0, 0}, {0, 0, 1, 0}, {0, 0, 0, 1}, {0, 2, 0, 0}, {0, 1, 1, 0}, {0, 1, 0, 1}, {0, 0, 2, 0}, {0, 0, 1, 1}, {0, 0, 0, 2}, {0, 3, 0, 0}, {0, 2, 1, 0}, {0, 2, 0, 1}, {0, 1, 2, 0}, {0, 1, 1, 1}, {0, 1, 0, 2}, {0, 0, 3, 0}, {0, 0, 2, 1}, {0, 0, 1, 2}, {0, 0, 0, 3}, {1, 0, 0, 0}, {1, 1, 0, 0}, {1, 0, 1, 0}, {1, 0, 0, 1}, {2, 0, 0, 0}}
alpha_index_times_count = 42
alpha_index_times = {{0, 0, 1, 25}, {1, 1, 1, 26}, {2, 2, 1, 26}, {3, 3, 1, 26}, {1, 4, 1, 27}, {2, 5, 1, 27}, {3, 6, 1, 27}, {1, 5, 1, 28}, {2, 7, 1, 28}, {3, 8, 1, 28}, {1, 6, 1, 29}, {2, 8, 1, 29}, {3, 9, 1, 29}, {4, 4, 1, 30}, {5, 5, 2, 30}, {6, 6, 2, 30}, {7, 7, 1, 30}, {8, 8, 2, 30}, {9, 9, 1, 30}, {10, 10, 1, 31}, {11, 11, 3, 31}, {12, 12, 3, 31}, {13, 13, 3, 31}, {14, 14, 6, 31}, {15, 15, 3, 31}, {16, 16, 1, 31}, {17, 17, 3, 31}, {18, 18, 3, 31}, {19, 19, 1, 31}, {0, 20, 1, 32}, {1, 21, 1, 33}, {2, 22, 1, 33}, {3, 23, 1, 33}, {0, 25, 1, 34}, {0, 26, 1, 35}, {0, 30, 1, 36}, {1, 27, 1, 37}, {2, 28, 1, 37}, {3, 29, 1, 37}, {0, 32, 1, 38}, {0, 34, 1, 39}, {0, 35, 1, 40}}
alpha_scalar_moments = 16
alpha_moment_mapping = {0, 20, 24, 25, 26, 30, 31, 32, 33, 34, 35, 36, 37, 38, 39, 40}
species_coeffs = {-8.604262421850617e+00}
moment_coeffs = {-8.175827963260392e+00, 9.254107532607376e+00, 1.583608714911938e+00, 9.504223106759115e+00, 3.268738972477783e+00, -1.854329967858290e+00, -5.383610444417823e+00, 1.781143940796619e+01, -1.036829595449000e+00, 2.928773933219254e+01, -6.637469483457009e+00, -2.453792863445768e+00, 1.864955121936229e+00, 1.101466101961580e+01, 1.596325629595772e+01, -4.549440681469071e+00}