MTP
version = 1.1.0
potential_name = MTP1m
scaling = 4.917081175672313e-02
species_count = 1
potential_tag = 
radial_basis_type = RBChebyshev
	min_dist = 2.000000000000000e+00
	max_dist = 5.000000000000000e+00
	radial_basis_size = 8
	radial_funcs_count = 3
	radial_coeffs
		0-0
			{-5.208270813787876e-01, -3.874672270525361e-01, 2.150089755666008e-01, 8.482417186254804e-02, 6.405747917177103e-01, 1.188013153046680e-01, -2.587228850282271e-01, -1.838394713239504e-01}
			{3.376352615202211e-01, -3.708180416296020e-01, 5.456718274143482e-01, 3.629477396148972e-01, -2.322176794616021e-01, 4.172401713609583e-01, -1.289888190199189e-01, 2.726812750646345e-01}
			{-8.019613926853061e-02, 4.330867621826559e-02, -1.627556772867151e-01, 2.095920943903697e-01, 3.721872716362084e-01, 2.179062556115259e-01, 6.868353140081727e-01, 5.133472806193674e-01}
alpha_moments_count = 41
alpha_index_basic_count = 25
alpha_index_basic = {{0, 0, 0, 0}, {0, 1, 0, 0}, {0, 0, 1, 0}, {0, 0, 0, 1}, {0, 2, 0, 0}, {0, 1, 1, 0}, {0, 1, 0, 1}, {0, 0, 2, 0}, {0, 0, 1, 1}, {0, 0, 0, 2}, {0, 3, 0, 0}, {0, 2, 1, 0}, {0, 2, 0, 1}, {0, 1, 2, 0}, {0, 1, 1, 1}, {0, 1, 0, 2}, {0, 0, 3, 0}, {0, 0, 2, 1}, {0, 0, 1, 2}, {0, 0, 0, 3}, {1, 0, 0, 0}, {1, 1, 0, 0}, {1, 0, 1, 0}, {1, 0, 0, 1}, {2, 0, 0, 0}}
alpha_index_times_count = 42
alpha_index_times = {{0, 0, 1, 25}, {1, 1, 1, 26}, {2, 2, 1, 26}, {3, 3, 1, 26}, {1, 4, 1, 27}, {2, 5, 1, 27}, {3, 6, 1, 27}, {1, 5, 1, 28}, {2, 7, 1, 28}, {3, 8, 1, 28}, {1, 6, 1, 29}, {2, 8, 1, 29}, {3, 9, 1, 29}, {4, 4, 1, 30}, {5, 5, 2, 30}, {6, 6, 2, 30}, {7, 7, 1, 30}, {8, 8, 2, 30}, {9, 9, 1, 30}, {10, 10, 1, 31}, {11, 11, 3, 31}, {12, 12, 3, 31}, {13, 13, 3, 31}, {14, 14, 6, 31}, {15, 15, 3, 31}, {16, 16, 1, 31}, {17, 17, 3, 31}, {18, 18, 3, 31}, {19, 19, 1, 31}, {0, 20, 1, 32}, {1, 21, 1, 33}, {2, 22, 1, 33}, {3, 23, 1, 33}, {0, 25, 1, 34}, {0, 26, 1, 35}, {0, 30, 1, 36}, {1, 27, 1, 37}, {2, 28, 1, 37}, {3, 29, 1, 37}, {0, 32, 1, 38}, {0, 34, 1, 39}, {0, 35, 1, 40}}
alpha_scalar_moments = 16
alpha_moment_mapping = {0, 20, 24, 25, 26, 30, 31, 32, 33, 34, 35, 36, 37, 38, 39, 40}
species_coeffs = {9.667508598944337e-01}
moment_coeffs = {2.635974272148819e+01, 1.176323836945979e+00, 6.220568665360271e-01, 3.986072696519231e+01, 1.096440061514196e+00, 7.499833751313984e+00, -1.984513967982617e+00, 1.931475176763073e+00, -7.429031008460033e-01, 2.481824374804994e+01, 1.181488463968231e+00, 8.856126998861690e+00, -2.256522845667976e+00, 6.132581610051024e-01, 6.426663714880948e+00, 1.139978434054779e+00}