MTP
version = 1.1.0
potential_name = MTP1m
scaling = 3.725061496721449e-02
species_count = 1
potential_tag = 
radial_basis_type = RBChebyshev
	min_dist = 2.000000000000000e+00
	max_dist = 5.000000000000000e+00
	radial_basis_size = 8
	radial_funcs_count = 3
	radial_coeffs
		0-0
			{-6.255381985570515e-01, 3.101138151575026e-01, -4.505389857940048e-01, -7.425876549978289e-02, 5.465333384765847e-01, 2.217530905394183e-02, -4.602406995204589e-02, -5.218229208903510e-02}
			{1.239928784286569e-01, -7.322630680376869e-01, -1.358837539774997e-01, 6.018986028559670e-02, 4.992763751933237e-01, 4.834913125214668e-02, 1.081838980842991e-01, 4.037462786045922e-01}
			{-5.984912309674557e-01, -2.088937513907763e-01, 4.101707321803268e-01, 2.475253746095679e-01, -1.933933827611441e-01, -2.457219652646473e-01, -4.319204249164916e-01, 2.903915761564621e-01}
alpha_moments_count = 41
alpha_index_basic_count = 25
alpha_index_basic = {{0, 0, 0, 0}, {0, 1, 0, 0}, {0, 0, 1, 0}, {0, 0, 0, 1}, {0, 2, 0, 0}, {0, 1, 1, 0}, {0, 1, 0, 1}, {0, 0, 2, 0}, {0, 0, 1, 1}, {0, 0, 0, 2}, {0, 3, 0, 0}, {0, 2, 1, 0}, {0, 2, 0, 1}, {0, 1, 2, 0}, {0, 1, 1, 1}, {0, 1, 0, 2}, {0, 0, 3, 0}, {0, 0, 2, 1}, {0, 0, 1, 2}, {0, 0, 0, 3}, {1, 0, 0, 0}, {1, 1, 0, 0}, {1, 0, 1, 0}, {1, 0, 0, 1}, {2, 0, 0, 0}}
alpha_index_times_count = 42
alpha_index_times = {{0, 0, 1, 25}, {1, 1, 1, 26}, {2, 2, 1, 26}, {3, 3, 1, 26}, {1, 4, 1, 27}, {2, 5, 1, 27}, {3, 6, 1, 27}, {1, 5, 1, 28}, {2, 7, 1, 28}, {3, 8, 1, 28}, {1, 6, 1, 29}, {2, 8, 1, 29}, {3, 9, 1, 29}, {4, 4, 1, 30}, {5, 5, 2, 30}, {6, 6, 2, 30}, {7, 7, 1, 30}, {8, 8, 2, 30}, {9, 9, 1, 30}, {10, 10, 1, 31}, {11, 11, 3, 31}, {12, 12, 3, 31}, {13, 13, 3, 31}, {14, 14, 6, 31}, {15, 15, 3, 31}, {16, 16, 1, 31}, {17, 17, 3, 31}, {18, 18, 3, 31}, {19, 19, 1, 31}, {0, 20, 1, 32}, {1, 21, 1, 33}, {2, 22, 1, 33}, {3, 23, 1, 33}, {0, 25, 1, 34}, {0, 26, 1, 35}, {0, 30, 1, 36}, {1, 27, 1, 37}, {2, 28, 1, 37}, {3, 29, 1, 37}, {0, 32, 1, 38}, {0, 34, 1, 39}, {0, 35, 1, 40}}
alpha_scalar_moments = 16
alpha_moment_mapping = {0, 20, 24, 25, 26, 30, 31, 32, 33, 34, 35, 36, 37, 38, 39, 40}
species_coeffs = {-1.485295381749414e+01}
moment_coeffs = {-3.456878103296631e+01, 8.069633908399902e-01, -1.192824116474802e-01, -4.326095785143630e+01, -1.606162987971674e+01, 3.392177297046642e+00, -1.272803317491246e+00, 8.680414223627375e-01, 5.266463809464254e-01, -2.255616055069329e+01, -2.188163661465877e+01, 1.869720265785883e+00, 1.934750135787080e+00, 3.837569130077824e-01, -4.199333685066054e+00, -7.118629432278757e+00}