MTP
version = 1.1.0
potential_name = MTP1m
scaling = 3.725061496721449e-02
species_count = 1
potential_tag = 
radial_basis_type = RBChebyshev
	min_dist = 2.000000000000000e+00
	max_dist = 5.000000000000000e+00
	radial_basis_size = 8
	radial_funcs_count = 3
	radial_coeffs
		0-0
			{6.928579109839728e-01, 8.297358752510296e-02, 3.916443870226746e-02, -6.761691516435075e-01, 1.154295000613666e-01, -1.490730086528462e-01, 1.254177748402651e-01, -5.521207864102802e-02}
			{1.480435016973686e-01, 8.568229935185774e-01, -3.502962695952813e-01, 1.954441875140219e-01, -1.780809261430681e-01, 1.766356783734218e-01, 1.382211223965227e-01, -3.183573229396046e-02}
			{-1.875466484408734e-02, 1.917351995155796e-01, -2.345436081087808e-01, 1.396492720315825e-01, 5.672838826576534e-01, -6.219121843761469e-01, -4.086871993293982e-01, 1.129701563923441e-01}
alpha_moments_count = 41
alpha_index_basic_count = 25
alpha_index_basic = {{0, 0, 0, 0}, {0, 1, 0, 0}, {0, 0, 1, 0}, {0, 0, 0, 1}, {0, 2, 0, 0}, {0, 1, 1, 0}, {0, 1, 0, 1}, {0, 0, 2, 0}, {0, 0, 1, 1}, {0, 0, 0, 2}, {0, 3, 0, 0}, {0, 2, 1, 0}, {0, 2, 0, 1}, {0, 1, 2, 0}, {0, 1, 1, 1}, {0, 1, 0, 2}, {0, 0, 3, 0}, {0, 0, 2, 1}, {0, 0, 1, 2}, {0, 0, 0, 3}, {1, 0, 0, 0}, {1, 1, 0, 0}, {1, 0, 1, 0}, {1, 0, 0, 1}, {2, 0, 0, 0}}
alpha_index_times_count = 42
alpha_index_times = {{0, 0, 1, 25}, {1, 1, 1, 26}, {2, 2, 1, 26}, {3, 3, 1, 26}, {1, 4, 1, 27}, {2, 5, 1, 27}, {3, 6, 1, 27}, {1, 5, 1, 28}, {2, 7, 1, 28}, {3, 8, 1, 28}, {1, 6, 1, 29}, {2, 8, 1, 29}, {3, 9, 1, 29}, {4, 4, 1, 30}, {5, 5, 2, 30}, {6, 6, 2, 30}, {7, 7, 1, 30}, {8, 8, 2, 30}, {9, 9, 1, 30}, {10, 10, 1, 31}, {11, 11, 3, 31}, {12, 12, 3, 31}, {13, 13, 3, 31}, {14, 14, 6, 31}, {15, 15, 3, 31}, {16, 16, 1, 31}, {17, 17, 3, 31}, {18, 18, 3, 31}, {19, 19, 1, 31}, {0, 20, 1, 32}, {1, 21, 1, 33}, {2, 22, 1, 33}, {3, 23, 1, 33}, {0, 25, 1, 34}, {0, 26, 1, 35}, {0, 30, 1, 36}, {1, 27, 1, 37}, {2, 28, 1, 37}, {3, 29, 1, 37}, {0, 32, 1, 38}, {0, 34, 1, 39}, {0, 35, 1, 40}}
alpha_scalar_moments = 16
alpha_moment_mapping = {0, 20, 24, 25, 26, 30, 31, 32, 33, 34, 35, 36, 37, 38, 39, 40}
species_coeffs = {4.014728573568298e+01}
moment_coeffs = {-3.032498574325439e+02, 1.078454380050169e+01, -2.727327389303726e-01, 7.880778766349797e+02, 1.979899480838046e+01, -2.056464019170759e+01, 8.382715465546120e-01, -4.141958938259746e+01, 5.260008415002316e-01, -8.840651867425148e+02, -4.286805125839964e+01, 3.451659180419070e+01, 1.414916566439100e+01, 3.512629778557161e+01, 3.565558696365536e+02, 6.065828208614469e+00}