MTP
version = 1.1.0
potential_name = MTP1m
scaling = 2.325680393613779e-01
species_count = 1
potential_tag = 
radial_basis_type = RBChebyshev
	min_dist = 2.000000000000000e+00
	max_dist = 5.000000000000000e+00
	radial_basis_size = 8
	radial_funcs_count = 3
	radial_coeffs
		0-0
			{2.248496249766148e-02, 8.029032205067831e-01, 1.383715613067904e-01, 4.296626294128258e-01, -2.022721790520206e-01, -2.007232203366534e-01, -2.516838894935451e-01, -8.084277480099424e-02}
			{3.419532346543388e-01, -5.237796736095948e-02, 8.916028657574578e-02, -8.328383687780780e-02, -4.543616453122253e-01, 6.170795189967182e-01, -1.998925899971927e-01, -4.881086905857868e-01}
			{-4.609714940861522e-01, -3.619751385373619e-01, 6.361360204735776e-01, 3.080023945387998e-01, -3.338453796582555e-01, 2.314114212624890e-02, -1.254440065155646e-01, 1.709395202593448e-01}
alpha_moments_count = 41
alpha_index_basic_count = 25
alpha_index_basic = {{0, 0, 0, 0}, {0, 1, 0, 0}, {0, 0, 1, 0}, {0, 0, 0, 1}, {0, 2, 0, 0}, {0, 1, 1, 0}, {0, 1, 0, 1}, {0, 0, 2, 0}, {0, 0, 1, 1}, {0, 0, 0, 2}, {0, 3, 0, 0}, {0, 2, 1, 0}, {0, 2, 0, 1}, {0, 1, 2, 0}, {0, 1, 1, 1}, {0, 1, 0, 2}, {0, 0, 3, 0}, {0, 0, 2, 1}, {0, 0, 1, 2}, {0, 0, 0, 3}, {1, 0, 0, 0}, {1, 1, 0, 0}, {1, 0, 1, 0}, {1, 0, 0, 1}, {2, 0, 0, 0}}
alpha_index_times_count = 42
alpha_index_times = {{0, 0, 1, 25}, {1, 1, 1, 26}, {2, 2, 1, 26}, {3, 3, 1, 26}, {1, 4, 1, 27}, {2, 5, 1, 27}, {3, 6, 1, 27}, {1, 5, 1, 28}, {2, 7, 1, 28}, {3, 8, 1, 28}, {1, 6, 1, 29}, {2, 8, 1, 29}, {3, 9, 1, 29}, {4, 4, 1, 30}, {5, 5, 2, 30}, {6, 6, 2, 30}, {7, 7, 1, 30}, {8, 8, 2, 30}, {9, 9, 1, 30}, {10, 10, 1, 31}, {11, 11, 3, 31}, {12, 12, 3, 31}, {13, 13, 3, 31}, {14, 14, 6, 31}, {15, 15, 3, 31}, {16, 16, 1, 31}, {17, 17, 3, 31}, {18, 18, 3, 31}, {19, 19, 1, 31}, {0, 20, 1, 32}, {1, 21, 1, 33}, {2, 22, 1, 33}, {3, 23, 1, 33}, {0, 25, 1, 34}, {0, 26, 1, 35}, {0, 30, 1, 36}, {1, 27, 1, 37}, {2, 28, 1, 37}, {3, 29, 1, 37}, {0, 32, 1, 38}, {0, 34, 1, 39}, {0, 35, 1, 40}}
alpha_scalar_moments = 16
alpha_moment_mapping = {0, 20, 24, 25, 26, 30, 31, 32, 33, 34, 35, 36, 37, 38, 39, 40}
species_coeffs = {-2.568683441769835e+00}
moment_coeffs = {-3.481153645989583e-01, 1.377852064438261e-02, 1.551988006638247e-01, -1.029467010326132e+00, -8.501980338711045e-03, 1.023251524301433e+00, 1.708073615193969e+00, 3.209459628710376e-02, 2.917356956271678e-02, -9.753752816680582e-01, -2.296312528913193e+00, 1.067913854239938e+00, 2.653531758419306e+00, 2.303897185469273e-02, -1.923458324240588e-01, -2.274547660202309e+00}