MTP
version = 1.1.0
potential_name = MTP1m
scaling = 1.039596298551681e-02
species_count = 1
potential_tag = 
radial_basis_type = RBChebyshev
	min_dist = 2.000000000000000e+00
	max_dist = 5.000000000000000e+00
	radial_basis_size = 8
	radial_funcs_count = 3
	radial_coeffs
		0-0
			{-6.937387367637209e-01, 3.875997439988662e-01, 2.805458223947133e-01, -4.245589880360943e-01, 9.740077526942585e-02, 1.998542501319862e-01, 2.435328689308850e-01, 2.828107868382225e-02}
			{-2.847062962330684e-01, 5.523981326527091e-01, -5.283444364229929e-01, 5.554404062114304e-01, -1.201942214177178e-01, -1.602580590046279e-02, -6.212890461869716e-02, 8.702448316140583e-02}
			{1.288142194909692e-01, 1.499797248076304e-01, 3.206124331705849e-01, 1.610744380620122e-01, -6.730849270928219e-01, 4.180187171190479e-01, 1.832166551543535e-02, -4.517267104504015e-01}
alpha_moments_count = 41
alpha_index_basic_count = 25
alpha_index_basic = {{0, 0, 0, 0}, {0, 1, 0, 0}, {0, 0, 1, 0}, {0, 0, 0, 1}, {0, 2, 0, 0}, {0, 1, 1, 0}, {0, 1, 0, 1}, {0, 0, 2, 0}, {0, 0, 1, 1}, {0, 0, 0, 2}, {0, 3, 0, 0}, {0, 2, 1, 0}, {0, 2, 0, 1}, {0, 1, 2, 0}, {0, 1, 1, 1}, {0, 1, 0, 2}, {0, 0, 3, 0}, {0, 0, 2, 1}, {0, 0, 1, 2}, {0, 0, 0, 3}, {1, 0, 0, 0}, {1, 1, 0, 0}, {1, 0, 1, 0}, {1, 0, 0, 1}, {2, 0, 0, 0}}
alpha_index_times_count = 42
alpha_index_times = {{0, 0, 1, 25}, {1, 1, 1, 26}, {2, 2, 1, 26}, {3, 3, 1, 26}, {1, 4, 1, 27}, {2, 5, 1, 27}, {3, 6, 1, 27}, {1, 5, 1, 28}, {2, 7, 1, 28}, {3, 8, 1, 28}, {1, 6, 1, 29}, {2, 8, 1, 29}, {3, 9, 1, 29}, {4, 4, 1, 30}, {5, 5, 2, 30}, {6, 6, 2, 30}, {7, 7, 1, 30}, {8, 8, 2, 30}, {9, 9, 1, 30}, {10, 10, 1, 31}, {11, 11, 3, 31}, {12, 12, 3, 31}, {13, 13, 3, 31}, {14, 14, 6, 31}, {15, 15, 3, 31}, {16, 16, 1, 31}, {17, 17, 3, 31}, {18, 18, 3, 31}, {19, 19, 1, 31}, {0, 20, 1, 32}, {1, 21, 1, 33}, {2, 22, 1, 33}, {3, 23, 1, 33}, {0, 25, 1, 34}, {0, 26, 1, 35}, {0, 30, 1, 36}, {1, 27, 1, 37}, {2, 28, 1, 37}, {3, 29, 1, 37}, {0, 32, 1, 38}, {0, 34, 1, 39}, {0, 35, 1, 40}}
alpha_scalar_moments = 16
alpha_moment_mapping = {0, 20, 24, 25, 26, 30, 31, 32, 33, 34, 35, 36, 37, 38, 39, 40}
species_coeffs = {8.556188612486393e+01}
moment_coeffs = {4.775672715256803e+02, 1.153554691623063e+00, -7.811064773455921e-01, 9.386044153729989e+02, -4.864640387002918e+01, 3.595170288991163e+01, -3.099924551569548e+00, 1.913256234407516e+01, 6.111959077884162e+00, 8.188572823893692e+02, -1.031395406756063e+02, 3.340881939758989e+01, -5.578084008527178e+01, 1.453660294347829e+01, 2.688467966813096e+02, -6.469202759759612e+01}