MTP
version = 1.1.0
potential_name = MTP1m
scaling = 2.608405330458886e-02
species_count = 1
potential_tag = 
radial_basis_type = RBChebyshev
	min_dist = 2.000000000000000e+00
	max_dist = 5.000000000000000e+00
	radial_basis_size = 8
	radial_funcs_count = 3
	radial_coeffs
		0-0
			{-4.670279347545583e-01, -5.032628955731713e-01, 2.419168190953892e-01, -1.253949879606731e-01, 4.975143391372168e-01, -6.676047187212990e-02, -4.461423695984145e-01, 5.782060816604731e-02}
			{3.089888647540281e-01, -3.887130402939337e-01, 8.181491669402317e-02, -1.307044562282750e-02, 3.161900423487892e-01, -3.935698185963488e-01, 5.125372752480861e-01, -4.785349854627244e-01}
			{1.313434481174970e-01, -3.854216876292956e-01, 3.268591429004326e-01, -5.880928610866855e-03, -7.162460601248928e-01, -1.184738876796437e-01, -3.422040528160781e-01, -2.884084628656916e-01}
alpha_moments_count = 41
alpha_index_basic_count = 25
alpha_index_basic = {{0, 0, 0, 0}, {0, 1, 0, 0}, {0, 0, 1, 0}, {0, 0, 0, 1}, {0, 2, 0, 0}, {0, 1, 1, 0}, {0, 1, 0, 1}, {0, 0, 2, 0}, {0, 0, 1, 1}, {0, 0, 0, 2}, {0, 3, 0, 0}, {0, 2, 1, 0}, {0, 2, 0, 1}, {0, 1, 2, 0}, {0, 1, 1, 1}, {0, 1, 0, 2}, {0, 0, 3, 0}, {0, 0, 2, 1}, {0, 0, 1, 2}, {0, 0, 0, 3}, {1, 0, 0, 0}, {1, 1, 0, 0}, {1, 0, 1, 0}, {1, 0, 0, 1}, {2, 0, 0, 0}}
alpha_index_times_count = 42
alpha_index_times = {{0, 0, 1, 25}, {1, 1, 1, 26}, {2, 2, 1, 26}, {3, 3, 1, 26}, {1, 4, 1, 27}, {2, 5, 1, 27}, {3, 6, 1, 27}, {1, 5, 1, 28}, {2, 7, 1, 28}, {3, 8, 1, 28}, {1, 6, 1, 29}, {2, 8, 1, 29}, {3, 9, 1, 29}, {4, 4, 1, 30}, {5, 5, 2, 30}, {6, 6, 2, 30}, {7, 7, 1, 30}, {8, 8, 2, 30}, {9, 9, 1, 30}, {10, 10, 1, 31}, {11, 11, 3, 31}, {12, 12, 3, 31}, {13, 13, 3, 31}, {14, 14, 6, 31}, {15, 15, 3, 31}, {16, 16, 1, 31}, {17, 17, 3, 31}, {18, 18, 3, 31}, {19, 19, 1, 31}, {0, 20, 1, 32}, {1, 21, 1, 33}, {2, 22, 1, 33}, {3, 23, 1, 33}, {0, 25, 1, 34}, {0, 26, 1, 35}, {0, 30, 1, 36}, {1, 27, 1, 37}, {2, 28, 1, 37}, {3, 29, 1, 37}, {0, 32, 1, 38}, {0, 34, 1, 39}, {0, 35, 1, 40}}
alpha_scalar_moments = 16
alpha_moment_mapping = {0, 20, 24, 25, 26, 30, 31, 32, 33, 34, 35, 36, 37, 38, 39, 40}
species_coeffs = {-1.132576246663786e+01}
moment_coeffs = {-2.517609957615115e+01, -1.199972909791991e+01, -2.499696094303129e-01, -9.902126853496450e-01, -1.094567643758658e+01, -1.193160778566458e+01, 3.767703769972173e+00, -5.007475523931436e-01, -7.969800199245848e+00, 1.003123738017386e+01, 1.321638996501808e+01, -9.788650603138180e+00, -1.404011253658005e+01, 4.661288915285763e+00, 9.950634403543226e-01, 5.907117327549398e+00}