MTP
version = 1.1.0
potential_name = MTP1m
scaling = 2.191785034621703e-02
species_count = 1
potential_tag = 
radial_basis_type = RBChebyshev
	min_dist = 2.000000000000000e+00
	max_dist = 5.000000000000000e+00
	radial_basis_size = 8
	radial_funcs_count = 3
	radial_coeffs
		0-0
			{4.955527392883510e-01, 8.471001594249675e-02, 3.898139441595010e-01, 4.253933776225645e-01, -6.284779820701428e-02, -3.566204284072883e-01, -4.877981445510450e-01, -2.127492718488219e-01}
			{-4.741070438137145e-01, 5.064061564886232e-01, -1.229630457984499e-01, 4.402668112478781e-01, -2.798367886606620e-01, 3.488779712020876e-01, -3.312157215519513e-01, 9.603013956975687e-03}
			{-5.524180129352351e-01, -5.022571850418315e-01, 1.224458385606320e-02, -1.059050404535199e-02, 2.801789004084414e-01, -1.390556495982232e-01, -3.916620453996483e-01, -4.371202602521368e-01}
alpha_moments_count = 41
alpha_index_basic_count = 25
alpha_index_basic = {{0, 0, 0, 0}, {0, 1, 0, 0}, {0, 0, 1, 0}, {0, 0, 0, 1}, {0, 2, 0, 0}, {0, 1, 1, 0}, {0, 1, 0, 1}, {0, 0, 2, 0}, {0, 0, 1, 1}, {0, 0, 0, 2}, {0, 3, 0, 0}, {0, 2, 1, 0}, {0, 2, 0, 1}, {0, 1, 2, 0}, {0, 1, 1, 1}, {0, 1, 0, 2}, {0, 0, 3, 0}, {0, 0, 2, 1}, {0, 0, 1, 2}, {0, 0, 0, 3}, {1, 0, 0, 0}, {1, 1, 0, 0}, {1, 0, 1, 0}, {1, 0, 0, 1}, {2, 0, 0, 0}}
alpha_index_times_count = 42
alpha_index_times = {{0, 0, 1, 25}, {1, 1, 1, 26}, {2, 2, 1, 26}, {3, 3, 1, 26}, {1, 4, 1, 27}, {2, 5, 1, 27}, {3, 6, 1, 27}, {1, 5, 1, 28}, {2, 7, 1, 28}, {3, 8, 1, 28}, {1, 6, 1, 29}, {2, 8, 1, 29}, {3, 9, 1, 29}, {4, 4, 1, 30}, {5, 5, 2, 30}, {6, 6, 2, 30}, {7, 7, 1, 30}, {8, 8, 2, 30}, {9, 9, 1, 30}, {10, 10, 1, 31}, {11, 11, 3, 31}, {12, 12, 3, 31}, {13, 13, 3, 31}, {14, 14, 6, 31}, {15, 15, 3, 31}, {16, 16, 1, 31}, {17, 17, 3, 31}, {18, 18, 3, 31}, {19, 19, 1, 31}, {0, 20, 1, 32}, {1, 21, 1, 33}, {2, 22, 1, 33}, {3, 23, 1, 33}, {0, 25, 1, 34}, {0, 26, 1, 35}, {0, 30, 1, 36}, {1, 27, 1, 37}, {2, 28, 1, 37}, {3, 29, 1, 37}, {0, 32, 1, 38}, {0, 34, 1, 39}, {0, 35, 1, 40}}
alpha_scalar_moments = 16
alpha_moment_mapping = {0, 20, 24, 25, 26, 30, 31, 32, 33, 34, 35, 36, 37, 38, 39, 40}
species_coeffs = {-5.756109113860126e+00}
moment_coeffs = {-8.044110454238827e+01, -1.982223307100470e+01, -1.002773367197298e+00, 3.860981660005402e+02, 4.710632789151920e+01, 5.166505012229436e+01, -1.553483810539902e+01, 7.227065156868120e+01, -5.245825740878161e+00, -5.983058052877261e+02, -1.880959536073992e+02, -8.099111187547308e+01, -6.101217749528594e+01, -6.104144208872688e+01, 3.140004861130263e+02, 2.684286451216747e+02}