MTP
version = 1.1.0
potential_name = MTP1m
scaling = 1.233723202630767e-01
species_count = 1
potential_tag = 
radial_basis_type = RBChebyshev
	min_dist = 2.000000000000000e+00
	max_dist = 5.000000000000000e+00
	radial_basis_size = 8
	radial_funcs_count = 3
	radial_coeffs
		0-0
			{2.308292864710685e-01, -1.856293336993652e-01, -8.219506489458055e-01, 1.142309715133985e-01, -2.211032461982770e-01, -3.841302366405991e-01, -7.505283958669556e-02, -1.467392010038786e-01}
			{2.498904805214665e-01, -3.767851487706276e-01, 5.271204220602465e-01, 4.272454871924218e-02, -4.805903433752824e-01, -4.288537732182920e-01, -3.150964242094762e-01, -4.168907165763305e-02}
			{4.508780149481151e-01, 1.822520755015788e-02, 1.742628234868807e-02, -5.916789345567930e-01, 3.990494746827059e-01, -3.503470556807453e-01, 1.010120552057001e-01, 3.921762891428460e-01}
alpha_moments_count = 41
alpha_index_basic_count = 25
alpha_index_basic = {{0, 0, 0, 0}, {0, 1, 0, 0}, {0, 0, 1, 0}, {0, 0, 0, 1}, {0, 2, 0, 0}, {0, 1, 1, 0}, {0, 1, 0, 1}, {0, 0, 2, 0}, {0, 0, 1, 1}, {0, 0, 0, 2}, {0, 3, 0, 0}, {0, 2, 1, 0}, {0, 2, 0, 1}, {0, 1, 2, 0}, {0, 1, 1, 1}, {0, 1, 0, 2}, {0, 0, 3, 0}, {0, 0, 2, 1}, {0, 0, 1, 2}, {0, 0, 0, 3}, {1, 0, 0, 0}, {1, 1, 0, 0}, {1, 0, 1, 0}, {1, 0, 0, 1}, {2, 0, 0, 0}}
alpha_index_times_count = 42
alpha_index_times = {{0, 0, 1, 25}, {1, 1, 1, 26}, {2, 2, 1, 26}, {3, 3, 1, 26}, {1, 4, 1, 27}, {2, 5, 1, 27}, {3, 6, 1, 27}, {1, 5, 1, 28}, {2, 7, 1, 28}, {3, 8, 1, 28}, {1, 6, 1, 29}, {2, 8, 1, 29}, {3, 9, 1, 29}, {4, 4, 1, 30}, {5, 5, 2, 30}, {6, 6, 2, 30}, {7, 7, 1, 30}, {8, 8, 2, 30}, {9, 9, 1, 30}, {10, 10, 1, 31}, {11, 11, 3, 31}, {12, 12, 3, 31}, {13, 13, 3, 31}, {14, 14, 6, 31}, {15, 15, 3, 31}, {16, 16, 1, 31}, {17, 17, 3, 31}, {18, 18, 3, 31}, {19, 19, 1, 31}, {0, 20, 1, 32}, {1, 21, 1, 33}, {2, 22, 1, 33}, {3, 23, 1, 33}, {0, 25, 1, 34}, {0, 26, 1, 35}, {0, 30, 1, 36}, {1, 27, 1, 37}, {2, 28, 1, 37}, {3, 29, 1, 37}, {0, 32, 1, 38}, {0, 34, 1, 39}, {0, 35, 1, 40}}
alpha_scalar_moments = 16
alpha_moment_mapping = {0, 20, 24, 25, 26, 30, 31, 32, 33, 34, 35, 36, 37, 38, 39, 40}
species_coeffs = {-6.845941390746009e+00}
moment_coeffs = {4.333732662680208e+00, -3.009299871563361e-01, -3.856184963831299e-03, -2.389396215172455e-01, -3.122069422208157e+01, -2.898925808942685e+00, -2.411778256513269e-01, 2.651857258875279e-01, 7.630829150320949e-04, 7.194452533952568e-03, 7.704852639898109e+00, 3.431501856121054e-01, -3.122192208384424e-01, -2.529333580675553e-02, -4.110065821520452e-03, -4.601283805872639e-01}