MTP
version = 1.1.0
potential_name = MTP1m
scaling = 5.787037037037038e-01
species_count = 1
potential_tag = 
radial_basis_type = RBChebyshev
	min_dist = 2.000000000000000e+00
	max_dist = 5.000000000000000e+00
	radial_basis_size = 8
	radial_funcs_count = 3
	radial_coeffs
		0-0
			{-3.542635963424037e-01, 1.963792726237706e-01, -1.575777976153464e-01, -1.574411678344849e-01, 4.806156366343146e-01, 7.253566742364604e-01, -1.187734070534475e-01, -1.227728956245870e-01}
			{4.237171238682184e-01, 7.374166401461195e-01, -5.433693434561470e-02, -3.102197215772921e-01, -1.110809241517908e-01, -8.344431061952867e-02, -1.328446740380031e-01, -3.748894327417535e-01}
			{5.715601104313163e-01, -2.105203767230560e-02, 4.909243598567972e-01, 3.866647261085390e-01, 2.924058378993453e-01, 2.610443446031794e-01, -3.109674604778901e-01, 1.789229672043199e-01}
alpha_moments_count = 41
alpha_index_basic_count = 25
alpha_index_basic = {{0, 0, 0, 0}, {0, 1, 0, 0}, {0, 0, 1, 0}, {0, 0, 0, 1}, {0, 2, 0, 0}, {0, 1, 1, 0}, {0, 1, 0, 1}, {0, 0, 2, 0}, {0, 0, 1, 1}, {0, 0, 0, 2}, {0, 3, 0, 0}, {0, 2, 1, 0}, {0, 2, 0, 1}, {0, 1, 2, 0}, {0, 1, 1, 1}, {0, 1, 0, 2}, {0, 0, 3, 0}, {0, 0, 2, 1}, {0, 0, 1, 2}, {0, 0, 0, 3}, {1, 0, 0, 0}, {1, 1, 0, 0}, {1, 0, 1, 0}, {1, 0, 0, 1}, {2, 0, 0, 0}}
alpha_index_times_count = 42
alpha_index_times = {{0, 0, 1, 25}, {1, 1, 1, 26}, {2, 2, 1, 26}, {3, 3, 1, 26}, {1, 4, 1, 27}, {2, 5, 1, 27}, {3, 6, 1, 27}, {1, 5, 1, 28}, {2, 7, 1, 28}, {3, 8, 1, 28}, {1, 6, 1, 29}, {2, 8, 1, 29}, {3, 9, 1, 29}, {4, 4, 1, 30}, {5, 5, 2, 30}, {6, 6, 2, 30}, {7, 7, 1, 30}, {8, 8, 2, 30}, {9, 9, 1, 30}, {10, 10, 1, 31}, {11, 11, 3, 31}, {12, 12, 3, 31}, {13, 13, 3, 31}, {14, 14, 6, 31}, {15, 15, 3, 31}, {16, 16, 1, 31}, {17, 17, 3, 31}, {18, 18, 3, 31}, {19, 19, 1, 31}, {0, 20, 1, 32}, {1, 21, 1, 33}, {2, 22, 1, 33}, {3, 23, 1, 33}, {0, 25, 1, 34}, {0, 26, 1, 35}, {0, 30, 1, 36}, {1, 27, 1, 37}, {2, 28, 1, 37}, {3, 29, 1, 37}, {0, 32, 1, 38}, {0, 34, 1, 39}, {0, 35, 1, 40}}
alpha_scalar_moments = 16
alpha_moment_mapping = {0, 20, 24, 25, 26, 30, 31, 32, 33, 34, 35, 36, 37, 38, 39, 40}
species_coeffs = {-5.097525676552914e+01}
moment_coeffs = {-4.134657677746315e-01, -2.852776326390983e+01, 5.066306533985352e-02, 1.239250386267089e-03, -8.179894563076954e+01, 2.918246481543610e-01, 1.714970451672130e-04, -1.496412394285062e+00, 3.894590770587697e-04, 1.943038066584756e-04, -4.266610834763664e+00, 7.341700274877802e-03, 5.477673313735539e-03, -1.960888892320253e-02, 1.636399218031520e-05, -5.559205166803632e-02}