MTP
version = 1.1.0
potential_name = MTP1m
scaling = 4.507324411032954e-02
species_count = 1
potential_tag = 
radial_basis_type = RBChebyshev
	min_dist = 2.000000000000000e+00
	max_dist = 5.000000000000000e+00
	radial_basis_size = 8
	radial_funcs_count = 3
	radial_coeffs
		0-0
			{6.411909693985205e-01, -3.549243613100295e-01, 5.872999702492867e-01, -6.703317259547802e-02, 3.020751824520324e-01, -1.389785579064565e-01, 5.826845758623396e-03, -5.375619857042819e-02}
			{-2.274965006522109e-01, -3.037224167267931e-01, 1.238972139384725e-01, -7.604171523828535e-01, -2.579943236772125e-01, -9.847924779525483e-02, -2.126167302252156e-01, 3.754306359918273e-01}
			{-5.148245284075657e-01, -3.071805591756481e-01, 3.527007074716674e-01, 4.628619284925367e-01, -9.413030130079905e-02, -5.331784382457401e-01, -9.385330421926574e-02, 2.941253066176887e-03}
alpha_moments_count = 41
alpha_index_basic_count = 25
alpha_index_basic = {{0, 0, 0, 0}, {0, 1, 0, 0}, {0, 0, 1, 0}, {0, 0, 0, 1}, {0, 2, 0, 0}, {0, 1, 1, 0}, {0, 1, 0, 1}, {0, 0, 2, 0}, {0, 0, 1, 1}, {0, 0, 0, 2}, {0, 3, 0, 0}, {0, 2, 1, 0}, {0, 2, 0, 1}, {0, 1, 2, 0}, {0, 1, 1, 1}, {0, 1, 0, 2}, {0, 0, 3, 0}, {0, 0, 2, 1}, {0, 0, 1, 2}, {0, 0, 0, 3}, {1, 0, 0, 0}, {1, 1, 0, 0}, {1, 0, 1, 0}, {1, 0, 0, 1}, {2, 0, 0, 0}}
alpha_index_times_count = 42
alpha_index_times = {{0, 0, 1, 25}, {1, 1, 1, 26}, {2, 2, 1, 26}, {3, 3, 1, 26}, {1, 4, 1, 27}, {2, 5, 1, 27}, {3, 6, 1, 27}, {1, 5, 1, 28}, {2, 7, 1, 28}, {3, 8, 1, 28}, {1, 6, 1, 29}, {2, 8, 1, 29}, {3, 9, 1, 29}, {4, 4, 1, 30}, {5, 5, 2, 30}, {6, 6, 2, 30}, {7, 7, 1, 30}, {8, 8, 2, 30}, {9, 9, 1, 30}, {10, 10, 1, 31}, {11, 11, 3, 31}, {12, 12, 3, 31}, {13, 13, 3, 31}, {14, 14, 6, 31}, {15, 15, 3, 31}, {16, 16, 1, 31}, {17, 17, 3, 31}, {18, 18, 3, 31}, {19, 19, 1, 31}, {0, 20, 1, 32}, {1, 21, 1, 33}, {2, 22, 1, 33}, {3, 23, 1, 33}, {0, 25, 1, 34}, {0, 26, 1, 35}, {0, 30, 1, 36}, {1, 27, 1, 37}, {2, 28, 1, 37}, {3, 29, 1, 37}, {0, 32, 1, 38}, {0, 34, 1, 39}, {0, 35, 1, 40}}
alpha_scalar_moments = 16
alpha_moment_mapping = {0, 20, 24, 25, 26, 30, 31, 32, 33, 34, 35, 36, 37, 38, 39, 40}
species_coeffs = {7.372801470932099e+01}
moment_coeffs = {-3.086939920528070e+02, -2.247398849210387e+00, -2.560854841636068e-01, 4.469825422468298e+02, 6.743675171589148e+01, 1.585233257578620e+01, -1.269140416943290e+00, 4.308965007847041e+00, 3.136635137636380e-01, -2.860125114692961e+02, -1.329905919441648e+02, -8.651547019644006e+00, -8.914513907158659e+00, -1.945705857236316e+00, 6.813375507559901e+01, 7.416931507980473e+01}