MTP
version = 1.1.0
potential_name = MTP1m
scaling = 4.917081175672312e-02
species_count = 1
potential_tag = 
radial_basis_type = RBChebyshev
	min_dist = 2.000000000000000e+00
	max_dist = 5.000000000000000e+00
	radial_basis_size = 8
	radial_funcs_count = 3
	radial_coeffs
		0-0
			{1.972485202965774e-01, 8.523992546364606e-01, 4.320263102717903e-01, 1.250018417398049e-01, -1.286252328419582e-01, -1.105085866522760e-01, -2.311178403053726e-02, -5.427324499245603e-02}
			{2.699185585019302e-01, 1.367951946658948e-01, -2.933294955665258e-01, 1.562722689491419e-01, 1.022129927204268e-01, 7.202816326021281e-01, -1.150233557261189e-01, -5.054545797333172e-01}
			{2.772651750718701e-01, -3.455152047899915e-01, 6.308656049240291e-01, -3.782714196816629e-01, -3.343884122096387e-01, 3.083211689692306e-01, -2.361692477849467e-01, -3.019879668088966e-03}
alpha_moments_count = 41
alpha_index_basic_count = 25
alpha_index_basic = {{0, 0, 0, 0}, {0, 1, 0, 0}, {0, 0, 1, 0}, {0, 0, 0, 1}, {0, 2, 0, 0}, {0, 1, 1, 0}, {0, 1, 0, 1}, {0, 0, 2, 0}, {0, 0, 1, 1}, {0, 0, 0, 2}, {0, 3, 0, 0}, {0, 2, 1, 0}, {0, 2, 0, 1}, {0, 1, 2, 0}, {0, 1, 1, 1}, {0, 1, 0, 2}, {0, 0, 3, 0}, {0, 0, 2, 1}, {0, 0, 1, 2}, {0, 0, 0, 3}, {1, 0, 0, 0}, {1, 1, 0, 0}, {1, 0, 1, 0}, {1, 0, 0, 1}, {2, 0, 0, 0}}
alpha_index_times_count = 42
alpha_index_times = {{0, 0, 1, 25}, {1, 1, 1, 26}, {2, 2, 1, 26}, {3, 3, 1, 26}, {1, 4, 1, 27}, {2, 5, 1, 27}, {3, 6, 1, 27}, {1, 5, 1, 28}, {2, 7, 1, 28}, {3, 8, 1, 28}, {1, 6, 1, 29}, {2, 8, 1, 29}, {3, 9, 1, 29}, {4, 4, 1, 30}, {5, 5, 2, 30}, {6, 6, 2, 30}, {7, 7, 1, 30}, {8, 8, 2, 30}, {9, 9, 1, 30}, {10, 10, 1, 31}, {11, 11, 3, 31}, {12, 12, 3, 31}, {13, 13, 3, 31}, {14, 14, 6, 31}, {15, 15, 3, 31}, {16, 16, 1, 31}, {17, 17, 3, 31}, {18, 18, 3, 31}, {19, 19, 1, 31}, {0, 20, 1, 32}, {1, 21, 1, 33}, {2, 22, 1, 33}, {3, 23, 1, 33}, {0, 25, 1, 34}, {0, 26, 1, 35}, {0, 30, 1, 36}, {1, 27, 1, 37}, {2, 28, 1, 37}, {3, 29, 1, 37}, {0, 32, 1, 38}, {0, 34, 1, 39}, {0, 35, 1, 40}}
alpha_scalar_moments = 16
alpha_moment_mapping = {0, 20, 24, 25, 26, 30, 31, 32, 33, 34, 35, 36, 37, 38, 39, 40}
species_coeffs = {4.739143303323155e+01}
moment_coeffs = {3.542067104796058e+02, 1.342179541335863e+00, 2.997401090864507e-01, 9.228283796317982e+02, -3.756424257446702e+02, 8.667795613522603e+00, 5.159019909794663e+00, 5.236200885997847e+00, -4.733633226315822e-01, 1.064270599746468e+03, -1.281844863972065e+03, 1.971701997285009e+01, 2.665996356002630e+01, 4.747145614986690e+00, 4.630727110773443e+02, -1.083319319902937e+03}