MTP
version = 1.1.0
potential_name = MTP1m
scaling = 6.617800511613710e-03
species_count = 1
potential_tag = 
radial_basis_type = RBChebyshev
	min_dist = 2.000000000000000e+00
	max_dist = 5.000000000000000e+00
	radial_basis_size = 8
	radial_funcs_count = 3
	radial_coeffs
		0-0
			{4.119822398030817e-01, 5.452812880330397e-01, -3.921643874828760e-01, 5.736608273010737e-01, -2.041165866328356e-01, 1.662384066564135e-02, -8.392948555178149e-02, 3.279035004678392e-02}
			{4.378691181913733e-01, -3.644449321120926e-01, 6.259470089609562e-01, 3.841350834740802e-01, -1.331089077017574e-01, -2.049713337758065e-01, -2.650213506945596e-01, -7.818925953069815e-02}
			{-2.997883854468343e-01, -1.668424944310675e-01, 1.017678267976531e-02, 1.761696847024523e-01, -6.079278440292406e-01, -1.826475023281757e-01, 2.808004884853874e-01, 6.077547963635772e-01}
alpha_moments_count = 41
alpha_index_basic_count = 25
alpha_index_basic = {{0, 0, 0, 0}, {0, 1, 0, 0}, {0, 0, 1, 0}, {0, 0, 0, 1}, {0, 2, 0, 0}, {0, 1, 1, 0}, {0, 1, 0, 1}, {0, 0, 2, 0}, {0, 0, 1, 1}, {0, 0, 0, 2}, {0, 3, 0, 0}, {0, 2, 1, 0}, {0, 2, 0, 1}, {0, 1, 2, 0}, {0, 1, 1, 1}, {0, 1, 0, 2}, {0, 0, 3, 0}, {0, 0, 2, 1}, {0, 0, 1, 2}, {0, 0, 0, 3}, {1, 0, 0, 0}, {1, 1, 0, 0}, {1, 0, 1, 0}, {1, 0, 0, 1}, {2, 0, 0, 0}}
alpha_index_times_count = 42
alpha_index_times = {{0, 0, 1, 25}, {1, 1, 1, 26}, {2, 2, 1, 26}, {3, 3, 1, 26}, {1, 4, 1, 27}, {2, 5, 1, 27}, {3, 6, 1, 27}, {1, 5, 1, 28}, {2, 7, 1, 28}, {3, 8, 1, 28}, {1, 6, 1, 29}, {2, 8, 1, 29}, {3, 9, 1, 29}, {4, 4, 1, 30}, {5, 5, 2, 30}, {6, 6, 2, 30}, {7, 7, 1, 30}, {8, 8, 2, 30}, {9, 9, 1, 30}, {10, 10, 1, 31}, {11, 11, 3, 31}, {12, 12, 3, 31}, {13, 13, 3, 31}, {14, 14, 6, 31}, {15, 15, 3, 31}, {16, 16, 1, 31}, {17, 17, 3, 31}, {18, 18, 3, 31}, {19, 19, 1, 31}, {0, 20, 1, 32}, {1, 21, 1, 33}, {2, 22, 1, 33}, {3, 23, 1, 33}, {0, 25, 1, 34}, {0, 26, 1, 35}, {0, 30, 1, 36}, {1, 27, 1, 37}, {2, 28, 1, 37}, {3, 29, 1, 37}, {0, 32, 1, 38}, {0, 34, 1, 39}, {0, 35, 1, 40}}
alpha_scalar_moments = 16
alpha_moment_mapping = {0, 20, 24, 25, 26, 30, 31, 32, 33, 34, 35, 36, 37, 38, 39, 40}
species_coeffs = {-8.487128918117055e+00}
moment_coeffs = {8.197712497742252e+01, 1.558763542590079e+02, 8.330609151918952e-01, -3.149553814569358e+02, -1.565951303796826e+02, -9.871343538504645e+02, -1.165833606176193e+02, -8.095361854877592e+02, -7.293462142411307e+00, 1.118806313229066e+03, 1.803917583683931e+03, 2.695317830897402e+03, -2.255864767205781e+03, 1.083437149721031e+03, -2.163853507476064e+03, -1.177258213036613e+03}