MTP
version = 1.1.0
potential_name = MTP1m
scaling = 1.039596298551681e-02
species_count = 1
potential_tag = 
radial_basis_type = RBChebyshev
	min_dist = 2.000000000000000e+00
	max_dist = 5.000000000000000e+00
	radial_basis_size = 8
	radial_funcs_count = 3
	radial_coeffs
		0-0
			{7.728938841346007e-01, -2.279930864272536e-01, -4.880439564957309e-01, 2.951809163618823e-01, 9.973287406624835e-03, -1.404305631635797e-01, -6.847627709515500e-02, -2.874558566998135e-02}
			{-3.508240071205381e-01, 5.614339704107608e-01, -6.601075632803102e-01, 3.137393400279432e-01, -1.388191899093897e-01, 7.838255725337956e-02, 4.602892008600119e-02, 2.605621364970828e-03}
			{2.965750198358706e-01, 4.540447293626458e-01, 5.169839722561161e-01, 5.053321485446632e-01, -1.667347666219218e-01, 2.728011848729132e-01, -2.786937780317659e-01, 5.798656605391642e-02}
alpha_moments_count = 41
alpha_index_basic_count = 25
alpha_index_basic = {{0, 0, 0, 0}, {0, 1, 0, 0}, {0, 0, 1, 0}, {0, 0, 0, 1}, {0, 2, 0, 0}, {0, 1, 1, 0}, {0, 1, 0, 1}, {0, 0, 2, 0}, {0, 0, 1, 1}, {0, 0, 0, 2}, {0, 3, 0, 0}, {0, 2, 1, 0}, {0, 2, 0, 1}, {0, 1, 2, 0}, {0, 1, 1, 1}, {0, 1, 0, 2}, {0, 0, 3, 0}, {0, 0, 2, 1}, {0, 0, 1, 2}, {0, 0, 0, 3}, {1, 0, 0, 0}, {1, 1, 0, 0}, {1, 0, 1, 0}, {1, 0, 0, 1}, {2, 0, 0, 0}}
alpha_index_times_count = 42
alpha_index_times = {{0, 0, 1, 25}, {1, 1, 1, 26}, {2, 2, 1, 26}, {3, 3, 1, 26}, {1, 4, 1, 27}, {2, 5, 1, 27}, {3, 6, 1, 27}, {1, 5, 1, 28}, {2, 7, 1, 28}, {3, 8, 1, 28}, {1, 6, 1, 29}, {2, 8, 1, 29}, {3, 9, 1, 29}, {4, 4, 1, 30}, {5, 5, 2, 30}, {6, 6, 2, 30}, {7, 7, 1, 30}, {8, 8, 2, 30}, {9, 9, 1, 30}, {10, 10, 1, 31}, {11, 11, 3, 31}, {12, 12, 3, 31}, {13, 13, 3, 31}, {14, 14, 6, 31}, {15, 15, 3, 31}, {16, 16, 1, 31}, {17, 17, 3, 31}, {18, 18, 3, 31}, {19, 19, 1, 31}, {0, 20, 1, 32}, {1, 21, 1, 33}, {2, 22, 1, 33}, {3, 23, 1, 33}, {0, 25, 1, 34}, {0, 26, 1, 35}, {0, 30, 1, 36}, {1, 27, 1, 37}, {2, 28, 1, 37}, {3, 29, 1, 37}, {0, 32, 1, 38}, {0, 34, 1, 39}, {0, 35, 1, 40}}
alpha_scalar_moments = 16
alpha_moment_mapping = {0, 20, 24, 25, 26, 30, 31, 32, 33, 34, 35, 36, 37, 38, 39, 40}
species_coeffs = {-4.856482378963794e+01}
moment_coeffs = {1.758461667996602e+02, 9.266415111138646e+01, -5.848782139456233e-01, -2.476976739095644e+02, 1.276970693108486e+03, -4.787558123113423e+01, -1.129378603050430e+01, -2.438357935286240e+02, -2.128076952105974e+01, 1.663392048836813e+02, -2.886595987071128e+03, 5.760242247760974e+01, -1.579063994993029e+02, 1.506412355858391e+02, -5.300171905322681e+01, 1.702109437030978e+03}