MTP
version = 1.1.0
potential_name = MTP1m
scaling = 1.345879857415382e-01
species_count = 1
potential_tag = 
radial_basis_type = RBChebyshev
	min_dist = 2.000000000000000e+00
	max_dist = 5.000000000000000e+00
	radial_basis_size = 8
	radial_funcs_count = 3
	radial_coeffs
		0-0
			{3.796192162794253e-01, 8.339248193481104e-01, 2.727041190258908e-01, 2.192405891702982e-01, 1.064767018692856e-01, -1.162874225855099e-01, -1.104179010378078e-01, 3.118505204506181e-02}
			{-1.625110186649954e-01, 3.850932811833181e-02, 3.523284109329970e-01, -4.567025567270042e-01, -1.802579033608347e-01, -4.928471385010981e-01, 2.013281919473425e-01, 5.687445917661428e-01}
			{-3.774945573248293e-01, 6.101691803021654e-02, 4.586531873390605e-01, 4.317359980602330e-01, -3.185883459844973e-01, 4.119321803008628e-01, 4.275294872591332e-01, 5.520831446677853e-02}
alpha_moments_count = 41
alpha_index_basic_count = 25
alpha_index_basic = {{0, 0, 0, 0}, {0, 1, 0, 0}, {0, 0, 1, 0}, {0, 0, 0, 1}, {0, 2, 0, 0}, {0, 1, 1, 0}, {0, 1, 0, 1}, {0, 0, 2, 0}, {0, 0, 1, 1}, {0, 0, 0, 2}, {0, 3, 0, 0}, {0, 2, 1, 0}, {0, 2, 0, 1}, {0, 1, 2, 0}, {0, 1, 1, 1}, {0, 1, 0, 2}, {0, 0, 3, 0}, {0, 0, 2, 1}, {0, 0, 1, 2}, {0, 0, 0, 3}, {1, 0, 0, 0}, {1, 1, 0, 0}, {1, 0, 1, 0}, {1, 0, 0, 1}, {2, 0, 0, 0}}
alpha_index_times_count = 42
alpha_index_times = {{0, 0, 1, 25}, {1, 1, 1, 26}, {2, 2, 1, 26}, {3, 3, 1, 26}, {1, 4, 1, 27}, {2, 5, 1, 27}, {3, 6, 1, 27}, {1, 5, 1, 28}, {2, 7, 1, 28}, {3, 8, 1, 28}, {1, 6, 1, 29}, {2, 8, 1, 29}, {3, 9, 1, 29}, {4, 4, 1, 30}, {5, 5, 2, 30}, {6, 6, 2, 30}, {7, 7, 1, 30}, {8, 8, 2, 30}, {9, 9, 1, 30}, {10, 10, 1, 31}, {11, 11, 3, 31}, {12, 12, 3, 31}, {13, 13, 3, 31}, {14, 14, 6, 31}, {15, 15, 3, 31}, {16, 16, 1, 31}, {17, 17, 3, 31}, {18, 18, 3, 31}, {19, 19, 1, 31}, {0, 20, 1, 32}, {1, 21, 1, 33}, {2, 22, 1, 33}, {3, 23, 1, 33}, {0, 25, 1, 34}, {0, 26, 1, 35}, {0, 30, 1, 36}, {1, 27, 1, 37}, {2, 28, 1, 37}, {3, 29, 1, 37}, {0, 32, 1, 38}, {0, 34, 1, 39}, {0, 35, 1, 40}}
alpha_scalar_moments = 16
alpha_moment_mapping = {0, 20, 24, 25, 26, 30, 31, 32, 33, 34, 35, 36, 37, 38, 39, 40}
species_coeffs = {-3.640965486975005e+00}
moment_coeffs = {4.372976701626551e-01, 3.354883727769389e-02, -5.180627074041565e-02, -3.351922518706257e+00, -6.714684635362663e-01, 7.010812531096230e-01, 1.084100868230230e+00, 1.591164491062471e-01, 8.042733214510198e-02, 3.813953124919862e+00, -7.766790578836654e-01, 1.442326498810808e-01, -4.849931934993278e-02, -4.508611430532300e-01, -1.836717348981812e+00, 7.544664845471385e-01}