MTP
version = 1.1.0
potential_name = MTP1m
scaling = 9.346387898717931e-02
species_count = 1
potential_tag = 
radial_basis_type = RBChebyshev
	min_dist = 2.000000000000000e+00
	max_dist = 5.000000000000000e+00
	radial_basis_size = 8
	radial_funcs_count = 3
	radial_coeffs
		0-0
			{-5.412046661883209e-01, -6.720640474532127e-01, -9.151506172157206e-02, -8.890218207457259e-02, -3.988452166462493e-01, 2.647116439135423e-01, 9.821140619096497e-02, 1.880368437993901e-02}
			{4.913923907599500e-01, -1.460563610275000e-01, -3.899086481790008e-01, 2.216197358867364e-01, -4.512350860900003e-01, 9.178460336038154e-02, -4.737986758991265e-01, -3.154905609220418e-01}
			{-3.747997546670591e-01, -7.136039582395765e-02, 2.180235981002528e-01, 4.122468667012013e-01, 3.227195489910734e-01, 1.397253484356042e-02, -7.231936148992543e-01, 9.797410328150345e-02}
alpha_moments_count = 41
alpha_index_basic_count = 25
alpha_index_basic = {{0, 0, 0, 0}, {0, 1, 0, 0}, {0, 0, 1, 0}, {0, 0, 0, 1}, {0, 2, 0, 0}, {0, 1, 1, 0}, {0, 1, 0, 1}, {0, 0, 2, 0}, {0, 0, 1, 1}, {0, 0, 0, 2}, {0, 3, 0, 0}, {0, 2, 1, 0}, {0, 2, 0, 1}, {0, 1, 2, 0}, {0, 1, 1, 1}, {0, 1, 0, 2}, {0, 0, 3, 0}, {0, 0, 2, 1}, {0, 0, 1, 2}, {0, 0, 0, 3}, {1, 0, 0, 0}, {1, 1, 0, 0}, {1, 0, 1, 0}, {1, 0, 0, 1}, {2, 0, 0, 0}}
alpha_index_times_count = 42
alpha_index_times = {{0, 0, 1, 25}, {1, 1, 1, 26}, {2, 2, 1, 26}, {3, 3, 1, 26}, {1, 4, 1, 27}, {2, 5, 1, 27}, {3, 6, 1, 27}, {1, 5, 1, 28}, {2, 7, 1, 28}, {3, 8, 1, 28}, {1, 6, 1, 29}, {2, 8, 1, 29}, {3, 9, 1, 29}, {4, 4, 1, 30}, {5, 5, 2, 30}, {6, 6, 2, 30}, {7, 7, 1, 30}, {8, 8, 2, 30}, {9, 9, 1, 30}, {10, 10, 1, 31}, {11, 11, 3, 31}, {12, 12, 3, 31}, {13, 13, 3, 31}, {14, 14, 6, 31}, {15, 15, 3, 31}, {16, 16, 1, 31}, {17, 17, 3, 31}, {18, 18, 3, 31}, {19, 19, 1, 31}, {0, 20, 1, 32}, {1, 21, 1, 33}, {2, 22, 1, 33}, {3, 23, 1, 33}, {0, 25, 1, 34}, {0, 26, 1, 35}, {0, 30, 1, 36}, {1, 27, 1, 37}, {2, 28, 1, 37}, {3, 29, 1, 37}, {0, 32, 1, 38}, {0, 34, 1, 39}, {0, 35, 1, 40}}
alpha_scalar_moments = 16
alpha_moment_mapping = {0, 20, 24, 25, 26, 30, 31, 32, 33, 34, 35, 36, 37, 38, 39, 40}
species_coeffs = {-1.058606954043144e+00}
moment_coeffs = {-3.547069098976738e-01, -5.047066309622420e-01, 1.143638066641257e-01, -2.392079114207650e+00, 6.858476322262680e-01, 1.685244200083130e-01, 3.387849243370093e-01, -3.734222165512114e-01, -1.600491382342465e-02, -1.231644705877982e+00, 8.909603767007462e-01, 2.819139309776221e-02, 1.725494486573585e-01, -7.243810707756726e-02, -1.968111529804792e-01, 2.324457937723664e-01}