MTP
version = 1.1.0
potential_name = MTP1m
scaling = 5.900497410806775e-02
species_count = 1
potential_tag = 
radial_basis_type = RBChebyshev
	min_dist = 2.000000000000000e+00
	max_dist = 5.000000000000000e+00
	radial_basis_size = 8
	radial_funcs_count = 3
	radial_coeffs
		0-0
			{3.694479793404315e-01, 7.060242643028352e-01, -1.728239723704002e-01, 3.117940479817806e-01, -4.158765902720749e-01, -6.515210632851071e-03, -2.364508409956907e-01, 9.512879522350520e-02}
			{5.273944811164032e-01, -4.582203468974302e-01, 1.832815797484605e-01, -3.384848635227002e-01, -4.123742734074801e-01, -2.373290000517759e-01, -3.634166073947185e-01, 7.263475548163249e-02}
			{-2.250661281137648e-01, 9.862748554030996e-02, 4.073033308446170e-01, 3.145137057929399e-01, 1.664927154194329e-01, -7.489952299641367e-01, -2.639134837754586e-01, -1.282145705755843e-01}
alpha_moments_count = 41
alpha_index_basic_count = 25
alpha_index_basic = {{0, 0, 0, 0}, {0, 1, 0, 0}, {0, 0, 1, 0}, {0, 0, 0, 1}, {0, 2, 0, 0}, {0, 1, 1, 0}, {0, 1, 0, 1}, {0, 0, 2, 0}, {0, 0, 1, 1}, {0, 0, 0, 2}, {0, 3, 0, 0}, {0, 2, 1, 0}, {0, 2, 0, 1}, {0, 1, 2, 0}, {0, 1, 1, 1}, {0, 1, 0, 2}, {0, 0, 3, 0}, {0, 0, 2, 1}, {0, 0, 1, 2}, {0, 0, 0, 3}, {1, 0, 0, 0}, {1, 1, 0, 0}, {1, 0, 1, 0}, {1, 0, 0, 1}, {2, 0, 0, 0}}
alpha_index_times_count = 42
alpha_index_times = {{0, 0, 1, 25}, {1, 1, 1, 26}, {2, 2, 1, 26}, {3, 3, 1, 26}, {1, 4, 1, 27}, {2, 5, 1, 27}, {3, 6, 1, 27}, {1, 5, 1, 28}, {2, 7, 1, 28}, {3, 8, 1, 28}, {1, 6, 1, 29}, {2, 8, 1, 29}, {3, 9, 1, 29}, {4, 4, 1, 30}, {5, 5, 2, 30}, {6, 6, 2, 30}, {7, 7, 1, 30}, {8, 8, 2, 30}, {9, 9, 1, 30}, {10, 10, 1, 31}, {11, 11, 3, 31}, {12, 12, 3, 31}, {13, 13, 3, 31}, {14, 14, 6, 31}, {15, 15, 3, 31}, {16, 16, 1, 31}, {17, 17, 3, 31}, {18, 18, 3, 31}, {19, 19, 1, 31}, {0, 20, 1, 32}, {1, 21, 1, 33}, {2, 22, 1, 33}, {3, 23, 1, 33}, {0, 25, 1, 34}, {0, 26, 1, 35}, {0, 30, 1, 36}, {1, 27, 1, 37}, {2, 28, 1, 37}, {3, 29, 1, 37}, {0, 32, 1, 38}, {0, 34, 1, 39}, {0, 35, 1, 40}}
alpha_scalar_moments = 16
alpha_moment_mapping = {0, 20, 24, 25, 26, 30, 31, 32, 33, 34, 35, 36, 37, 38, 39, 40}
species_coeffs = {3.596696591627577e+01}
moment_coeffs = {-1.449403844125244e+02, -2.555265769602258e+01, -3.044835992682055e-02, 2.012327751324809e+02, 1.503359984650643e+02, 8.472251402375283e+00, -2.691789593356738e+00, 3.771582418485976e+01, 1.421782216659592e+00, -1.257605680454893e+02, -2.309348859156352e+02, -7.059845655665965e+00, 3.813313614689061e+01, -1.353962603348242e+01, 2.970840969758190e+01, 7.859749013767315e+01}