MTP
version = 1.1.0
potential_name = MTP1m
scaling = 2.586848261612117e-02
species_count = 1
potential_tag = 
radial_basis_type = RBChebyshev
	min_dist = 2.000000000000000e+00
	max_dist = 5.000000000000000e+00
	radial_basis_size = 8
	radial_funcs_count = 3
	radial_coeffs
		0-0
			{1.088120425914364e-01, 1.923312941435092e-01, -3.991803892095862e-01, 7.763629363795927e-01, 2.720227996851778e-01, -4.886515191141604e-02, -3.209317829135545e-01, 9.850281144587228e-02}
			{-5.749729842132856e-02, -1.300383576911337e-01, 5.804376110176818e-01, 2.307060738032659e-01, 1.381475850209297e-01, 6.717755768937728e-01, -2.993474781043026e-01, -1.722639806347446e-01}
			{2.524819002341567e-01, 2.856283698410692e-01, 3.802795156785470e-01, 1.266390399067929e-01, -1.584224020853330e-01, 2.794449198091904e-02, 1.952194189350694e-01, 7.937444131954277e-01}
alpha_moments_count = 41
alpha_index_basic_count = 25
alpha_index_basic = {{0, 0, 0, 0}, {0, 1, 0, 0}, {0, 0, 1, 0}, {0, 0, 0, 1}, {0, 2, 0, 0}, {0, 1, 1, 0}, {0, 1, 0, 1}, {0, 0, 2, 0}, {0, 0, 1, 1}, {0, 0, 0, 2}, {0, 3, 0, 0}, {0, 2, 1, 0}, {0, 2, 0, 1}, {0, 1, 2, 0}, {0, 1, 1, 1}, {0, 1, 0, 2}, {0, 0, 3, 0}, {0, 0, 2, 1}, {0, 0, 1, 2}, {0, 0, 0, 3}, {1, 0, 0, 0}, {1, 1, 0, 0}, {1, 0, 1, 0}, {1, 0, 0, 1}, {2, 0, 0, 0}}
alpha_index_times_count = 42
alpha_index_times = {{0, 0, 1, 25}, {1, 1, 1, 26}, {2, 2, 1, 26}, {3, 3, 1, 26}, {1, 4, 1, 27}, {2, 5, 1, 27}, {3, 6, 1, 27}, {1, 5, 1, 28}, {2, 7, 1, 28}, {3, 8, 1, 28}, {1, 6, 1, 29}, {2, 8, 1, 29}, {3, 9, 1, 29}, {4, 4, 1, 30}, {5, 5, 2, 30}, {6, 6, 2, 30}, {7, 7, 1, 30}, {8, 8, 2, 30}, {9, 9, 1, 30}, {10, 10, 1, 31}, {11, 11, 3, 31}, {12, 12, 3, 31}, {13, 13, 3, 31}, {14, 14, 6, 31}, {15, 15, 3, 31}, {16, 16, 1, 31}, {17, 17, 3, 31}, {18, 18, 3, 31}, {19, 19, 1, 31}, {0, 20, 1, 32}, {1, 21, 1, 33}, {2, 22, 1, 33}, {3, 23, 1, 33}, {0, 25, 1, 34}, {0, 26, 1, 35}, {0, 30, 1, 36}, {1, 27, 1, 37}, {2, 28, 1, 37}, {3, 29, 1, 37}, {0, 32, 1, 38}, {0, 34, 1, 39}, {0, 35, 1, 40}}
alpha_scalar_moments = 16
alpha_moment_mapping = {0, 20, 24, 25, 26, 30, 31, 32, 33, 34, 35, 36, 37, 38, 39, 40}
species_coeffs = {-3.764437472767163e+01}
moment_coeffs = {1.390857282706711e+02, -1.776002923850906e-01, 3.218845712770619e-01, -2.104734748753806e+02, 2.657604466070013e+01, 2.677907585897725e-01, 5.514529166366164e-01, 1.662641693024953e+00, -4.489747008018903e-01, 1.428556485209288e+02, -6.045666238977843e+01, -1.292832017925964e+00, 2.323440249113204e-02, -9.402568834860657e-01, -3.652826559243397e+01, 3.209659521999433e+01}