MTP
version = 1.1.0
potential_name = MTP1m
scaling = 2.173671108715738e-02
species_count = 1
potential_tag = 
radial_basis_type = RBChebyshev
	min_dist = 2.000000000000000e+00
	max_dist = 5.000000000000000e+00
	radial_basis_size = 8
	radial_funcs_count = 3
	radial_coeffs
		0-0
			{1.334047676529339e-01, -3.811385008938956e-01, 3.563524739316509e-01, -5.315598095820466e-01, -1.971905513961836e-01, 4.862536213911144e-01, 2.999884920674663e-01, -2.491463429691369e-01}
			{2.208491464494081e-01, 4.129406463183036e-01, -2.199726177311514e-01, 3.632930326952189e-01, 2.343004717170488e-01, 6.714931839821142e-01, 2.124848211147678e-01, -2.222302629908023e-01}
			{-3.268246984576963e-01, -9.265350735245451e-02, -1.900963599175120e-01, -3.655352959297844e-01, 5.992398063249291e-01, 2.617257524422789e-01, 2.020727222419759e-02, 5.355849286550202e-01}
alpha_moments_count = 41
alpha_index_basic_count = 25
alpha_index_basic = {{0, 0, 0, 0}, {0, 1, 0, 0}, {0, 0, 1, 0}, {0, 0, 0, 1}, {0, 2, 0, 0}, {0, 1, 1, 0}, {0, 1, 0, 1}, {0, 0, 2, 0}, {0, 0, 1, 1}, {0, 0, 0, 2}, {0, 3, 0, 0}, {0, 2, 1, 0}, {0, 2, 0, 1}, {0, 1, 2, 0}, {0, 1, 1, 1}, {0, 1, 0, 2}, {0, 0, 3, 0}, {0, 0, 2, 1}, {0, 0, 1, 2}, {0, 0, 0, 3}, {1, 0, 0, 0}, {1, 1, 0, 0}, {1, 0, 1, 0}, {1, 0, 0, 1}, {2, 0, 0, 0}}
alpha_index_times_count = 42
alpha_index_times = {{0, 0, 1, 25}, {1, 1, 1, 26}, {2, 2, 1, 26}, {3, 3, 1, 26}, {1, 4, 1, 27}, {2, 5, 1, 27}, {3, 6, 1, 27}, {1, 5, 1, 28}, {2, 7, 1, 28}, {3, 8, 1, 28}, {1, 6, 1, 29}, {2, 8, 1, 29}, {3, 9, 1, 29}, {4, 4, 1, 30}, {5, 5, 2, 30}, {6, 6, 2, 30}, {7, 7, 1, 30}, {8, 8, 2, 30}, {9, 9, 1, 30}, {10, 10, 1, 31}, {11, 11, 3, 31}, {12, 12, 3, 31}, {13, 13, 3, 31}, {14, 14, 6, 31}, {15, 15, 3, 31}, {16, 16, 1, 31}, {17, 17, 3, 31}, {18, 18, 3, 31}, {19, 19, 1, 31}, {0, 20, 1, 32}, {1, 21, 1, 33}, {2, 22, 1, 33}, {3, 23, 1, 33}, {0, 25, 1, 34}, {0, 26, 1, 35}, {0, 30, 1, 36}, {1, 27, 1, 37}, {2, 28, 1, 37}, {3, 29, 1, 37}, {0, 32, 1, 38}, {0, 34, 1, 39}, {0, 35, 1, 40}}
alpha_scalar_moments = 16
alpha_moment_mapping = {0, 20, 24, 25, 26, 30, 31, 32, 33, 34, 35, 36, 37, 38, 39, 40}
species_coeffs = {-3.215239179186140e+01}
moment_coeffs = {-1.422646612671727e+02, 5.915671838484201e+01, 1.194980845994781e+00, -1.876736327955508e+02, -1.288126429229705e+01, -1.574833899830884e+00, 2.414677620559327e+00, 2.473334730219838e+02, 2.507718679085283e+00, -4.874877173273756e+00, -3.567877416528821e+01, -5.010312683173451e+00, 3.334727848265342e+00, 2.612708669961385e+02, 7.131807751455176e+01, -3.301757469346248e+01}