MTP
version = 1.1.0
potential_name = MTP1m
scaling = 3.104217913934541e-02
species_count = 1
potential_tag = 
radial_basis_type = RBChebyshev
	min_dist = 2.000000000000000e+00
	max_dist = 5.000000000000000e+00
	radial_basis_size = 8
	radial_funcs_count = 3
	radial_coeffs
		0-0
			{4.193130952769178e-01, -6.927769227584336e-01, 4.433206109106244e-01, -3.108763448932998e-01, -1.573729754075539e-01, -1.481266778436614e-01, 2.731596657322768e-02, -6.004555472974476e-02}
			{6.126240985058302e-01, 2.186899721231795e-01, 7.942713495124473e-02, 5.004876187879064e-01, 1.869242755063278e-01, -3.579049020144328e-01, -3.946064562570437e-01, -3.631836886289797e-02}
			{1.697374604378826e-01, 2.411532129791561e-01, -9.080338772086953e-02, 1.388113358236160e-01, -8.384405429635091e-01, -1.836662972294667e-01, 3.409639342288663e-01, -1.804112583833152e-01}
alpha_moments_count = 41
alpha_index_basic_count = 25
alpha_index_basic = {{0, 0, 0, 0}, {0, 1, 0, 0}, {0, 0, 1, 0}, {0, 0, 0, 1}, {0, 2, 0, 0}, {0, 1, 1, 0}, {0, 1, 0, 1}, {0, 0, 2, 0}, {0, 0, 1, 1}, {0, 0, 0, 2}, {0, 3, 0, 0}, {0, 2, 1, 0}, {0, 2, 0, 1}, {0, 1, 2, 0}, {0, 1, 1, 1}, {0, 1, 0, 2}, {0, 0, 3, 0}, {0, 0, 2, 1}, {0, 0, 1, 2}, {0, 0, 0, 3}, {1, 0, 0, 0}, {1, 1, 0, 0}, {1, 0, 1, 0}, {1, 0, 0, 1}, {2, 0, 0, 0}}
alpha_index_times_count = 42
alpha_index_times = {{0, 0, 1, 25}, {1, 1, 1, 26}, {2, 2, 1, 26}, {3, 3, 1, 26}, {1, 4, 1, 27}, {2, 5, 1, 27}, {3, 6, 1, 27}, {1, 5, 1, 28}, {2, 7, 1, 28}, {3, 8, 1, 28}, {1, 6, 1, 29}, {2, 8, 1, 29}, {3, 9, 1, 29}, {4, 4, 1, 30}, {5, 5, 2, 30}, {6, 6, 2, 30}, {7, 7, 1, 30}, {8, 8, 2, 30}, {9, 9, 1, 30}, {10, 10, 1, 31}, {11, 11, 3, 31}, {12, 12, 3, 31}, {13, 13, 3, 31}, {14, 14, 6, 31}, {15, 15, 3, 31}, {16, 16, 1, 31}, {17, 17, 3, 31}, {18, 18, 3, 31}, {19, 19, 1, 31}, {0, 20, 1, 32}, {1, 21, 1, 33}, {2, 22, 1, 33}, {3, 23, 1, 33}, {0, 25, 1, 34}, {0, 26, 1, 35}, {0, 30, 1, 36}, {1, 27, 1, 37}, {2, 28, 1, 37}, {3, 29, 1, 37}, {0, 32, 1, 38}, {0, 34, 1, 39}, {0, 35, 1, 40}}
alpha_scalar_moments = 16
alpha_moment_mapping = {0, 20, 24, 25, 26, 30, 31, 32, 33, 34, 35, 36, 37, 38, 39, 40}
species_coeffs = {-4.038472789205526e+00}
moment_coeffs = {2.998294514779189e+00, 1.074504349895461e-01, -5.099693834662036e-01, 4.294060317852559e-01, 2.053659048416483e+00, -1.457627536120668e+00, -1.459640773515947e+00, -6.317853080550745e-01, 6.776404620853016e-01, -2.439791772811557e+00, -4.454056254021173e+00, 9.848315344697426e-01, -4.861949824258106e-01, 1.054152754009011e-01, 1.430106955617280e+00, 4.960574299112126e+00}