MTP
version = 1.1.0
potential_name = MTP1m
scaling = 3.104217913934541e-02
species_count = 1
potential_tag = 
radial_basis_type = RBChebyshev
	min_dist = 2.000000000000000e+00
	max_dist = 5.000000000000000e+00
	radial_basis_size = 8
	radial_funcs_count = 3
	radial_coeffs
		0-0
			{2.287334267864913e-01, -8.215834753272909e-01, 3.109418289422329e-01, 6.428514140823192e-02, 1.933829189489240e-01, -3.591096352976735e-01, 2.357234907558500e-04, -7.421234585582195e-02}
			{3.896368887989216e-02, 3.475210652892231e-02, 5.281942902290865e-01, -1.201462272276102e-01, -3.712639883331935e-01, 3.147125821365613e-01, 2.250206093623404e-01, -6.452399275208456e-01}
			{-5.859253517185405e-02, 1.461637032703483e-01, -1.566823932433962e-01, 8.177648335895552e-01, -1.459932255274394e-01, -3.694211998894804e-01, 9.469329280999594e-02, -3.393545725775811e-01}
alpha_moments_count = 41
alpha_index_basic_count = 25
alpha_index_basic = {{0, 0, 0, 0}, {0, 1, 0, 0}, {0, 0, 1, 0}, {0, 0, 0, 1}, {0, 2, 0, 0}, {0, 1, 1, 0}, {0, 1, 0, 1}, {0, 0, 2, 0}, {0, 0, 1, 1}, {0, 0, 0, 2}, {0, 3, 0, 0}, {0, 2, 1, 0}, {0, 2, 0, 1}, {0, 1, 2, 0}, {0, 1, 1, 1}, {0, 1, 0, 2}, {0, 0, 3, 0}, {0, 0, 2, 1}, {0, 0, 1, 2}, {0, 0, 0, 3}, {1, 0, 0, 0}, {1, 1, 0, 0}, {1, 0, 1, 0}, {1, 0, 0, 1}, {2, 0, 0, 0}}
alpha_index_times_count = 42
alpha_index_times = {{0, 0, 1, 25}, {1, 1, 1, 26}, {2, 2, 1, 26}, {3, 3, 1, 26}, {1, 4, 1, 27}, {2, 5, 1, 27}, {3, 6, 1, 27}, {1, 5, 1, 28}, {2, 7, 1, 28}, {3, 8, 1, 28}, {1, 6, 1, 29}, {2, 8, 1, 29}, {3, 9, 1, 29}, {4, 4, 1, 30}, {5, 5, 2, 30}, {6, 6, 2, 30}, {7, 7, 1, 30}, {8, 8, 2, 30}, {9, 9, 1, 30}, {10, 10, 1, 31}, {11, 11, 3, 31}, {12, 12, 3, 31}, {13, 13, 3, 31}, {14, 14, 6, 31}, {15, 15, 3, 31}, {16, 16, 1, 31}, {17, 17, 3, 31}, {18, 18, 3, 31}, {19, 19, 1, 31}, {0, 20, 1, 32}, {1, 21, 1, 33}, {2, 22, 1, 33}, {3, 23, 1, 33}, {0, 25, 1, 34}, {0, 26, 1, 35}, {0, 30, 1, 36}, {1, 27, 1, 37}, {2, 28, 1, 37}, {3, 29, 1, 37}, {0, 32, 1, 38}, {0, 34, 1, 39}, {0, 35, 1, 40}}
alpha_scalar_moments = 16
alpha_moment_mapping = {0, 20, 24, 25, 26, 30, 31, 32, 33, 34, 35, 36, 37, 38, 39, 40}
species_coeffs = {3.178651406700053e+01}
moment_coeffs = {-1.444222866816837e+02, 2.243317173543256e-01, -7.650178272602542e-01, 2.184629544652749e+02, -1.412011366764605e+02, 1.936303324102031e+01, -8.070564306151516e-01, 1.281914157457719e-01, 8.598932137393629e-02, -1.479277340194317e+02, 2.852839442736184e+02, -1.770900531096136e+01, 2.817283683412555e+01, -9.803974821431410e-02, 3.932259650958432e+01, -1.515908334056597e+02}