MTP
version = 1.1.0
potential_name = MTP1m
scaling = 5.900497410806774e-02
species_count = 1
potential_tag = 
radial_basis_type = RBChebyshev
	min_dist = 2.000000000000000e+00
	max_dist = 5.000000000000000e+00
	radial_basis_size = 8
	radial_funcs_count = 3
	radial_coeffs
		0-0
			{4.692367576864705e-01, 5.976575097368768e-01, -2.546595026572506e-01, -1.077415565749653e-01, -5.641643368406062e-01, -1.119401401543633e-01, -1.173926679985942e-01, -3.961852778387293e-02}
			{1.401402446869478e-01, -4.874860214913968e-01, -6.621876825969490e-02, -7.373076786576419e-01, -2.555648623067754e-01, 2.368243763869932e-01, -7.628260792325372e-03, -2.706532414964491e-01}
			{-4.958442614225495e-01, 4.232963546487001e-01, -4.012915538313591e-01, -1.928363159827144e-01, 1.895966291725393e-01, 1.413166395986518e-01, 3.300217275673056e-01, -4.603328064886567e-01}
alpha_moments_count = 41
alpha_index_basic_count = 25
alpha_index_basic = {{0, 0, 0, 0}, {0, 1, 0, 0}, {0, 0, 1, 0}, {0, 0, 0, 1}, {0, 2, 0, 0}, {0, 1, 1, 0}, {0, 1, 0, 1}, {0, 0, 2, 0}, {0, 0, 1, 1}, {0, 0, 0, 2}, {0, 3, 0, 0}, {0, 2, 1, 0}, {0, 2, 0, 1}, {0, 1, 2, 0}, {0, 1, 1, 1}, {0, 1, 0, 2}, {0, 0, 3, 0}, {0, 0, 2, 1}, {0, 0, 1, 2}, {0, 0, 0, 3}, {1, 0, 0, 0}, {1, 1, 0, 0}, {1, 0, 1, 0}, {1, 0, 0, 1}, {2, 0, 0, 0}}
alpha_index_times_count = 42
alpha_index_times = {{0, 0, 1, 25}, {1, 1, 1, 26}, {2, 2, 1, 26}, {3, 3, 1, 26}, {1, 4, 1, 27}, {2, 5, 1, 27}, {3, 6, 1, 27}, {1, 5, 1, 28}, {2, 7, 1, 28}, {3, 8, 1, 28}, {1, 6, 1, 29}, {2, 8, 1, 29}, {3, 9, 1, 29}, {4, 4, 1, 30}, {5, 5, 2, 30}, {6, 6, 2, 30}, {7, 7, 1, 30}, {8, 8, 2, 30}, {9, 9, 1, 30}, {10, 10, 1, 31}, {11, 11, 3, 31}, {12, 12, 3, 31}, {13, 13, 3, 31}, {14, 14, 6, 31}, {15, 15, 3, 31}, {16, 16, 1, 31}, {17, 17, 3, 31}, {18, 18, 3, 31}, {19, 19, 1, 31}, {0, 20, 1, 32}, {1, 21, 1, 33}, {2, 22, 1, 33}, {3, 23, 1, 33}, {0, 25, 1, 34}, {0, 26, 1, 35}, {0, 30, 1, 36}, {1, 27, 1, 37}, {2, 28, 1, 37}, {3, 29, 1, 37}, {0, 32, 1, 38}, {0, 34, 1, 39}, {0, 35, 1, 40}}
alpha_scalar_moments = 16
alpha_moment_mapping = {0, 20, 24, 25, 26, 30, 31, 32, 33, 34, 35, 36, 37, 38, 39, 40}
species_coeffs = {-3.441413927783497e+00}
moment_coeffs = {-1.100917474255775e+00, 6.107218397687557e-01, -2.501375591476182e-01, 1.244831005369686e+00, -1.067220517030092e+00, -1.384692594336256e-01, -1.503840205154407e+00, -5.812843908198373e-01, -1.786304032663452e-01, -2.263475858952446e-01, 3.123958903348589e+00, -6.257412607792180e-01, -1.290394558462076e-01, 2.461330572969259e-01, 2.873065490940683e-02, -1.048140058055898e+00}