MTP
version = 1.1.0
potential_name = MTP1m
scaling = 2.391038219587312e-02
species_count = 1
potential_tag = 
radial_basis_type = RBChebyshev
	min_dist = 2.000000000000000e+00
	max_dist = 5.000000000000000e+00
	radial_basis_size = 8
	radial_funcs_count = 3
	radial_coeffs
		0-0
			{-7.122904701366146e-01, -2.439814173275016e-01, 2.612046902734358e-01, -3.907549516131542e-01, 2.801183879765067e-01, 2.615481709266164e-01, 2.514913337099489e-01, 4.556734567165444e-02}
			{4.906689735698457e-01, -6.501720661325809e-01, 3.326438761404941e-01, -4.329187200195978e-01, 1.399539414941372e-03, -1.724458069746578e-01, -7.028253693803733e-02, -6.140460461125272e-02}
			{4.412218944808829e-02, 2.283230053417795e-01, 3.147049283431483e-02, -4.140179677610540e-01, -7.365943868127006e-01, 3.949542248151475e-01, 1.243883733258119e-01, -2.439015569442375e-01}
alpha_moments_count = 41
alpha_index_basic_count = 25
alpha_index_basic = {{0, 0, 0, 0}, {0, 1, 0, 0}, {0, 0, 1, 0}, {0, 0, 0, 1}, {0, 2, 0, 0}, {0, 1, 1, 0}, {0, 1, 0, 1}, {0, 0, 2, 0}, {0, 0, 1, 1}, {0, 0, 0, 2}, {0, 3, 0, 0}, {0, 2, 1, 0}, {0, 2, 0, 1}, {0, 1, 2, 0}, {0, 1, 1, 1}, {0, 1, 0, 2}, {0, 0, 3, 0}, {0, 0, 2, 1}, {0, 0, 1, 2}, {0, 0, 0, 3}, {1, 0, 0, 0}, {1, 1, 0, 0}, {1, 0, 1, 0}, {1, 0, 0, 1}, {2, 0, 0, 0}}
alpha_index_times_count = 42
alpha_index_times = {{0, 0, 1, 25}, {1, 1, 1, 26}, {2, 2, 1, 26}, {3, 3, 1, 26}, {1, 4, 1, 27}, {2, 5, 1, 27}, {3, 6, 1, 27}, {1, 5, 1, 28}, {2, 7, 1, 28}, {3, 8, 1, 28}, {1, 6, 1, 29}, {2, 8, 1, 29}, {3, 9, 1, 29}, {4, 4, 1, 30}, {5, 5, 2, 30}, {6, 6, 2, 30}, {7, 7, 1, 30}, {8, 8, 2, 30}, {9, 9, 1, 30}, {10, 10, 1, 31}, {11, 11, 3, 31}, {12, 12, 3, 31}, {13, 13, 3, 31}, {14, 14, 6, 31}, {15, 15, 3, 31}, {16, 16, 1, 31}, {17, 17, 3, 31}, {18, 18, 3, 31}, {19, 19, 1, 31}, {0, 20, 1, 32}, {1, 21, 1, 33}, {2, 22, 1, 33}, {3, 23, 1, 33}, {0, 25, 1, 34}, {0, 26, 1, 35}, {0, 30, 1, 36}, {1, 27, 1, 37}, {2, 28, 1, 37}, {3, 29, 1, 37}, {0, 32, 1, 38}, {0, 34, 1, 39}, {0, 35, 1, 40}}
alpha_scalar_moments = 16
alpha_moment_mapping = {0, 20, 24, 25, 26, 30, 31, 32, 33, 34, 35, 36, 37, 38, 39, 40}
species_coeffs = {7.419268615023920e+01}
moment_coeffs = {2.158888905196349e+02, 1.791469872246914e+01, -2.049435091508122e-01, 2.154665180315770e+02, 1.042204565539579e+02, 6.135895932801926e+00, -1.728517671957028e+00, 1.770101652464295e+01, -1.537356137328684e+00, 9.493738873671803e+01, 1.339787957971048e+02, 2.506938940787567e+00, -8.977363342066949e+00, 4.947811788358570e+00, 1.558592514872029e+01, 4.186393001437747e+01}