MTP
version = 1.1.0
potential_name = MTP1m
scaling = 1.112297402822629e-01
species_count = 1
potential_tag = 
radial_basis_type = RBChebyshev
	min_dist = 2.000000000000000e+00
	max_dist = 5.000000000000000e+00
	radial_basis_size = 8
	radial_funcs_count = 3
	radial_coeffs
		0-0
			{-3.726782438626449e-01, 5.780771942385878e-01, 1.270107377448071e-01, 4.361054497547378e-01, 1.673326704604823e-01, -3.975926338422646e-01, 3.073143795371171e-02, -3.655043721717520e-01}
			{2.687057375755327e-01, -2.564426251155990e-01, 5.003753565471407e-01, 4.435422164161869e-01, 1.815938148214888e-01, 5.078057451820753e-02, -6.159335188465056e-01, -3.614779229349547e-04}
			{6.746777230227692e-01, 2.250261592743809e-01, -2.733209887454641e-01, -1.728625690638909e-02, -5.963143384449483e-03, 1.605110388852628e-01, -2.200277420130588e-02, -6.268066245476328e-01}
alpha_moments_count = 41
alpha_index_basic_count = 25
alpha_index_basic = {{0, 0, 0, 0}, {0, 1, 0, 0}, {0, 0, 1, 0}, {0, 0, 0, 1}, {0, 2, 0, 0}, {0, 1, 1, 0}, {0, 1, 0, 1}, {0, 0, 2, 0}, {0, 0, 1, 1}, {0, 0, 0, 2}, {0, 3, 0, 0}, {0, 2, 1, 0}, {0, 2, 0, 1}, {0, 1, 2, 0}, {0, 1, 1, 1}, {0, 1, 0, 2}, {0, 0, 3, 0}, {0, 0, 2, 1}, {0, 0, 1, 2}, {0, 0, 0, 3}, {1, 0, 0, 0}, {1, 1, 0, 0}, {1, 0, 1, 0}, {1, 0, 0, 1}, {2, 0, 0, 0}}
alpha_index_times_count = 42
alpha_index_times = {{0, 0, 1, 25}, {1, 1, 1, 26}, {2, 2, 1, 26}, {3, 3, 1, 26}, {1, 4, 1, 27}, {2, 5, 1, 27}, {3, 6, 1, 27}, {1, 5, 1, 28}, {2, 7, 1, 28}, {3, 8, 1, 28}, {1, 6, 1, 29}, {2, 8, 1, 29}, {3, 9, 1, 29}, {4, 4, 1, 30}, {5, 5, 2, 30}, {6, 6, 2, 30}, {7, 7, 1, 30}, {8, 8, 2, 30}, {9, 9, 1, 30}, {10, 10, 1, 31}, {11, 11, 3, 31}, {12, 12, 3, 31}, {13, 13, 3, 31}, {14, 14, 6, 31}, {15, 15, 3, 31}, {16, 16, 1, 31}, {17, 17, 3, 31}, {18, 18, 3, 31}, {19, 19, 1, 31}, {0, 20, 1, 32}, {1, 21, 1, 33}, {2, 22, 1, 33}, {3, 23, 1, 33}, {0, 25, 1, 34}, {0, 26, 1, 35}, {0, 30, 1, 36}, {1, 27, 1, 37}, {2, 28, 1, 37}, {3, 29, 1, 37}, {0, 32, 1, 38}, {0, 34, 1, 39}, {0, 35, 1, 40}}
alpha_scalar_moments = 16
alpha_moment_mapping = {0, 20, 24, 25, 26, 30, 31, 32, 33, 34, 35, 36, 37, 38, 39, 40}
species_coeffs = {-4.964523679146324e+00}
moment_coeffs = {-5.310099297047888e+00, -6.587170681779934e-01, 1.625653711721639e-02, -4.543701760137070e+00, 1.746251294233812e-01, -4.866477070629164e-01, -2.224555699039277e-01, -2.920700108720946e+00, 1.185781967434846e+00, 6.282240614282833e+00, -4.951705238410274e+00, -2.116072417791663e+00, -1.506012707335217e+00, -3.058545003574901e+00, 7.061223756863381e+00, -5.392567121986691e+00}