MTP
version = 1.1.0
potential_name = MTP1m
scaling = 5.900497410806775e-02
species_count = 1
potential_tag = 
radial_basis_type = RBChebyshev
	min_dist = 2.000000000000000e+00
	max_dist = 5.000000000000000e+00
	radial_basis_size = 8
	radial_funcs_count = 3
	radial_coeffs
		0-0
			{-4.060662128510417e-01, -6.136351211255968e-01, -1.013788720354328e-01, 4.894474025931418e-01, 5.991599538334356e-02, 4.485862438538100e-01, -4.561640417950329e-02, 4.272389839097331e-02}
			{-8.853419154553376e-01, 4.127443593843160e-01, 6.126074530717655e-02, -6.825295968471790e-02, 1.022842834747207e-01, -1.595172822844243e-01, -9.128983432737103e-03, -3.754016490546112e-02}
			{-6.709994424332563e-02, -4.144020133167157e-01, -4.122635074568092e-01, -2.135342279603974e-01, 3.775919953484747e-01, -4.692468954540805e-01, 3.728638037193842e-01, -3.262126943908510e-01}
alpha_moments_count = 41
alpha_index_basic_count = 25
alpha_index_basic = {{0, 0, 0, 0}, {0, 1, 0, 0}, {0, 0, 1, 0}, {0, 0, 0, 1}, {0, 2, 0, 0}, {0, 1, 1, 0}, {0, 1, 0, 1}, {0, 0, 2, 0}, {0, 0, 1, 1}, {0, 0, 0, 2}, {0, 3, 0, 0}, {0, 2, 1, 0}, {0, 2, 0, 1}, {0, 1, 2, 0}, {0, 1, 1, 1}, {0, 1, 0, 2}, {0, 0, 3, 0}, {0, 0, 2, 1}, {0, 0, 1, 2}, {0, 0, 0, 3}, {1, 0, 0, 0}, {1, 1, 0, 0}, {1, 0, 1, 0}, {1, 0, 0, 1}, {2, 0, 0, 0}}
alpha_index_times_count = 42
alpha_index_times = {{0, 0, 1, 25}, {1, 1, 1, 26}, {2, 2, 1, 26}, {3, 3, 1, 26}, {1, 4, 1, 27}, {2, 5, 1, 27}, {3, 6, 1, 27}, {1, 5, 1, 28}, {2, 7, 1, 28}, {3, 8, 1, 28}, {1, 6, 1, 29}, {2, 8, 1, 29}, {3, 9, 1, 29}, {4, 4, 1, 30}, {5, 5, 2, 30}, {6, 6, 2, 30}, {7, 7, 1, 30}, {8, 8, 2, 30}, {9, 9, 1, 30}, {10, 10, 1, 31}, {11, 11, 3, 31}, {12, 12, 3, 31}, {13, 13, 3, 31}, {14, 14, 6, 31}, {15, 15, 3, 31}, {16, 16, 1, 31}, {17, 17, 3, 31}, {18, 18, 3, 31}, {19, 19, 1, 31}, {0, 20, 1, 32}, {1, 21, 1, 33}, {2, 22, 1, 33}, {3, 23, 1, 33}, {0, 25, 1, 34}, {0, 26, 1, 35}, {0, 30, 1, 36}, {1, 27, 1, 37}, {2, 28, 1, 37}, {3, 29, 1, 37}, {0, 32, 1, 38}, {0, 34, 1, 39}, {0, 35, 1, 40}}
alpha_scalar_moments = 16
alpha_moment_mapping = {0, 20, 24, 25, 26, 30, 31, 32, 33, 34, 35, 36, 37, 38, 39, 40}
species_coeffs = {-3.216214498536753e+00}
moment_coeffs = {7.722356341432299e-01, 4.362586656803037e-02, -1.191518060747307e-01, -3.384934937905343e+00, -7.349315280727927e-01, 5.297704734503030e-01, 5.392209328599268e-01, 1.560677416602143e-01, -3.749360230907134e-01, -3.709902810550067e-01, 3.862821737818565e-01, -1.149424318333415e-01, 1.165254145802375e+00, -8.422692188947792e-01, 1.566918882479434e+00, 2.426882782615675e+00}