MTP
version = 1.1.0
potential_name = MTP1m
scaling = 1.019605952587410e-01
species_count = 1
potential_tag = 
radial_basis_type = RBChebyshev
	min_dist = 2.000000000000000e+00
	max_dist = 5.000000000000000e+00
	radial_basis_size = 8
	radial_funcs_count = 3
	radial_coeffs
		0-0
			{3.618833853585578e-01, 7.015977360355592e-01, -2.940981827466516e-01, -2.817912723554197e-01, 3.891274286865410e-01, 8.994800380475476e-02, 1.753582610605513e-01, -1.436650627459524e-01}
			{2.967367098201822e-01, 2.863136288487869e-01, 7.607788555595043e-01, -1.926316380303814e-01, -2.408183836392873e-01, -3.086352004888080e-01, -2.077407444692771e-01, -1.329474232611523e-01}
			{-1.496671304255127e-01, 9.987572878066461e-02, 4.586049967880982e-01, -4.740697642657908e-02, 3.140668437264727e-01, 4.557967357112060e-01, 1.962017354365441e-01, 6.404489487665592e-01}
alpha_moments_count = 41
alpha_index_basic_count = 25
alpha_index_basic = {{0, 0, 0, 0}, {0, 1, 0, 0}, {0, 0, 1, 0}, {0, 0, 0, 1}, {0, 2, 0, 0}, {0, 1, 1, 0}, {0, 1, 0, 1}, {0, 0, 2, 0}, {0, 0, 1, 1}, {0, 0, 0, 2}, {0, 3, 0, 0}, {0, 2, 1, 0}, {0, 2, 0, 1}, {0, 1, 2, 0}, {0, 1, 1, 1}, {0, 1, 0, 2}, {0, 0, 3, 0}, {0, 0, 2, 1}, {0, 0, 1, 2}, {0, 0, 0, 3}, {1, 0, 0, 0}, {1, 1, 0, 0}, {1, 0, 1, 0}, {1, 0, 0, 1}, {2, 0, 0, 0}}
alpha_index_times_count = 42
alpha_index_times = {{0, 0, 1, 25}, {1, 1, 1, 26}, {2, 2, 1, 26}, {3, 3, 1, 26}, {1, 4, 1, 27}, {2, 5, 1, 27}, {3, 6, 1, 27}, {1, 5, 1, 28}, {2, 7, 1, 28}, {3, 8, 1, 28}, {1, 6, 1, 29}, {2, 8, 1, 29}, {3, 9, 1, 29}, {4, 4, 1, 30}, {5, 5, 2, 30}, {6, 6, 2, 30}, {7, 7, 1, 30}, {8, 8, 2, 30}, {9, 9, 1, 30}, {10, 10, 1, 31}, {11, 11, 3, 31}, {12, 12, 3, 31}, {13, 13, 3, 31}, {14, 14, 6, 31}, {15, 15, 3, 31}, {16, 16, 1, 31}, {17, 17, 3, 31}, {18, 18, 3, 31}, {19, 19, 1, 31}, {0, 20, 1, 32}, {1, 21, 1, 33}, {2, 22, 1, 33}, {3, 23, 1, 33}, {0, 25, 1, 34}, {0, 26, 1, 35}, {0, 30, 1, 36}, {1, 27, 1, 37}, {2, 28, 1, 37}, {3, 29, 1, 37}, {0, 32, 1, 38}, {0, 34, 1, 39}, {0, 35, 1, 40}}
alpha_scalar_moments = 16
alpha_moment_mapping = {0, 20, 24, 25, 26, 30, 31, 32, 33, 34, 35, 36, 37, 38, 39, 40}
species_coeffs = {-2.674948221340076e+00}
moment_coeffs = {-5.868019271843179e+00, 3.960913732145485e-01, -9.142572257142675e-03, 6.148402329296406e+00, 2.007013910777157e+00, -1.248548428808044e+00, 1.024140388158261e+00, -2.361875459878661e+00, -1.190364882232646e+00, -8.691312486984800e-01, -1.050558227362129e+01, 4.012188463019343e+00, 2.271237620786863e+00, 2.518579959450192e+00, -4.748021360055490e-02, 6.953031312432978e+00}