MTP
version = 1.1.0
potential_name = MTP1m
scaling = 4.958056852136249e-02
species_count = 1
potential_tag = 
radial_basis_type = RBChebyshev
	min_dist = 2.000000000000000e+00
	max_dist = 5.000000000000000e+00
	radial_basis_size = 8
	radial_funcs_count = 3
	radial_coeffs
		0-0
			{-6.712839338991443e-01, -4.471903875149677e-01, 2.083826975590005e-01, -2.125897658369812e-01, -2.377845373710135e-01, 3.282667278840525e-01, -1.667764132290489e-01, 2.620419366523571e-01}
			{-2.013997988135651e-01, -4.849992365712210e-01, -3.641672111566832e-01, 4.501309779449021e-01, 5.250328907778887e-01, -2.356251465814222e-02, 3.344618530575921e-01, 2.997909487623277e-02}
			{3.663249710484718e-01, -5.989993700584982e-01, 3.416427599649454e-01, -1.949114276747463e-01, -1.534891664130160e-01, 1.974374863076870e-02, 2.737465903339891e-01, -5.033980471213045e-01}
alpha_moments_count = 41
alpha_index_basic_count = 25
alpha_index_basic = {{0, 0, 0, 0}, {0, 1, 0, 0}, {0, 0, 1, 0}, {0, 0, 0, 1}, {0, 2, 0, 0}, {0, 1, 1, 0}, {0, 1, 0, 1}, {0, 0, 2, 0}, {0, 0, 1, 1}, {0, 0, 0, 2}, {0, 3, 0, 0}, {0, 2, 1, 0}, {0, 2, 0, 1}, {0, 1, 2, 0}, {0, 1, 1, 1}, {0, 1, 0, 2}, {0, 0, 3, 0}, {0, 0, 2, 1}, {0, 0, 1, 2}, {0, 0, 0, 3}, {1, 0, 0, 0}, {1, 1, 0, 0}, {1, 0, 1, 0}, {1, 0, 0, 1}, {2, 0, 0, 0}}
alpha_index_times_count = 42
alpha_index_times = {{0, 0, 1, 25}, {1, 1, 1, 26}, {2, 2, 1, 26}, {3, 3, 1, 26}, {1, 4, 1, 27}, {2, 5, 1, 27}, {3, 6, 1, 27}, {1, 5, 1, 28}, {2, 7, 1, 28}, {3, 8, 1, 28}, {1, 6, 1, 29}, {2, 8, 1, 29}, {3, 9, 1, 29}, {4, 4, 1, 30}, {5, 5, 2, 30}, {6, 6, 2, 30}, {7, 7, 1, 30}, {8, 8, 2, 30}, {9, 9, 1, 30}, {10, 10, 1, 31}, {11, 11, 3, 31}, {12, 12, 3, 31}, {13, 13, 3, 31}, {14, 14, 6, 31}, {15, 15, 3, 31}, {16, 16, 1, 31}, {17, 17, 3, 31}, {18, 18, 3, 31}, {19, 19, 1, 31}, {0, 20, 1, 32}, {1, 21, 1, 33}, {2, 22, 1, 33}, {3, 23, 1, 33}, {0, 25, 1, 34}, {0, 26, 1, 35}, {0, 30, 1, 36}, {1, 27, 1, 37}, {2, 28, 1, 37}, {3, 29, 1, 37}, {0, 32, 1, 38}, {0, 34, 1, 39}, {0, 35, 1, 40}}
alpha_scalar_moments = 16
alpha_moment_mapping = {0, 20, 24, 25, 26, 30, 31, 32, 33, 34, 35, 36, 37, 38, 39, 40}
species_coeffs = {2.698736639795396e+00}
moment_coeffs = {-4.269604081122576e+00, -2.904354534435130e+00, 3.903093178723756e-02, 2.869028347314824e-01, -2.713361272596771e+02, -1.756203279474387e+01, -1.930613887078839e+00, -6.364180842971787e-01, 3.882413577166173e-02, -5.850607542606626e-02, -1.628900410433110e+02, -5.084415888884176e+00, -2.519136566979539e+00, 4.974901810294317e-02, -1.883282032940835e-01, -2.458903955237746e+01}