MTP
version = 1.1.0
potential_name = MTP1m
scaling = 1.223527143104892e-01
species_count = 1
potential_tag = 
radial_basis_type = RBChebyshev
	min_dist = 2.000000000000000e+00
	max_dist = 5.000000000000000e+00
	radial_basis_size = 8
	radial_funcs_count = 3
	radial_coeffs
		0-0
			{3.446070661435460e-01, 5.073550035799428e-01, 5.022044364640937e-01, -2.074108188280870e-01, -3.013863636362967e-01, 2.703699568169428e-01, 2.986411788053799e-01, 2.747510115027896e-01}
			{-2.316343038896527e-01, -1.153204315253297e-01, 7.232334257651521e-01, 2.579952610341091e-01, -1.901198495179636e-01, -3.980085225608057e-01, -3.852038585120056e-01, -2.191460357857560e-02}
			{-2.822901489723209e-01, -7.944822706077115e-02, -1.580632626942994e-01, -1.807394128199675e-01, -5.115428611185676e-01, 5.366014189748045e-01, -5.345029903390602e-01, 1.450478940263183e-01}
alpha_moments_count = 41
alpha_index_basic_count = 25
alpha_index_basic = {{0, 0, 0, 0}, {0, 1, 0, 0}, {0, 0, 1, 0}, {0, 0, 0, 1}, {0, 2, 0, 0}, {0, 1, 1, 0}, {0, 1, 0, 1}, {0, 0, 2, 0}, {0, 0, 1, 1}, {0, 0, 0, 2}, {0, 3, 0, 0}, {0, 2, 1, 0}, {0, 2, 0, 1}, {0, 1, 2, 0}, {0, 1, 1, 1}, {0, 1, 0, 2}, {0, 0, 3, 0}, {0, 0, 2, 1}, {0, 0, 1, 2}, {0, 0, 0, 3}, {1, 0, 0, 0}, {1, 1, 0, 0}, {1, 0, 1, 0}, {1, 0, 0, 1}, {2, 0, 0, 0}}
alpha_index_times_count = 42
alpha_index_times = {{0, 0, 1, 25}, {1, 1, 1, 26}, {2, 2, 1, 26}, {3, 3, 1, 26}, {1, 4, 1, 27}, {2, 5, 1, 27}, {3, 6, 1, 27}, {1, 5, 1, 28}, {2, 7, 1, 28}, {3, 8, 1, 28}, {1, 6, 1, 29}, {2, 8, 1, 29}, {3, 9, 1, 29}, {4, 4, 1, 30}, {5, 5, 2, 30}, {6, 6, 2, 30}, {7, 7, 1, 30}, {8, 8, 2, 30}, {9, 9, 1, 30}, {10, 10, 1, 31}, {11, 11, 3, 31}, {12, 12, 3, 31}, {13, 13, 3, 31}, {14, 14, 6, 31}, {15, 15, 3, 31}, {16, 16, 1, 31}, {17, 17, 3, 31}, {18, 18, 3, 31}, {19, 19, 1, 31}, {0, 20, 1, 32}, {1, 21, 1, 33}, {2, 22, 1, 33}, {3, 23, 1, 33}, {0, 25, 1, 34}, {0, 26, 1, 35}, {0, 30, 1, 36}, {1, 27, 1, 37}, {2, 28, 1, 37}, {3, 29, 1, 37}, {0, 32, 1, 38}, {0, 34, 1, 39}, {0, 35, 1, 40}}
alpha_scalar_moments = 16
alpha_moment_mapping = {0, 20, 24, 25, 26, 30, 31, 32, 33, 34, 35, 36, 37, 38, 39, 40}
species_coeffs = {3.240623838728393e+00}
moment_coeffs = {6.133175472034480e+01, -7.447477128239294e+00, 1.431274602718977e-01, 8.620708346039117e+01, 5.709058472993426e+01, 1.783342872570106e+00, -6.761268718514458e-01, -8.470968859057052e+00, 1.032302700816490e+00, 4.237227939831347e+01, 8.019713688752589e+01, 2.093730666874434e+00, -3.145339183267431e+00, -2.312966561994073e+00, 7.180013081126725e+00, 2.724024962084573e+01}