MTP
version = 1.1.0
potential_name = MTP1m
scaling = 4.131714043446875e-02
species_count = 1
potential_tag = 
radial_basis_type = RBChebyshev
	min_dist = 2.000000000000000e+00
	max_dist = 5.000000000000000e+00
	radial_basis_size = 8
	radial_funcs_count = 3
	radial_coeffs
		0-0
			{1.110461563035445e-01, -6.942169850148351e-01, 5.924548511176805e-01, -3.786391655796655e-01, 4.301211804340110e-02, 2.412957624917544e-03, 9.598880035293525e-02, 1.707176930221026e-02}
			{1.435502069394264e-01, -3.012695166139172e-01, -6.130731492882968e-01, -4.163167397703275e-01, 1.918356285599937e-01, -1.806302966013132e-01, -3.525003506855802e-01, 3.817944365582827e-01}
			{2.224537835850542e-01, -2.740928290208843e-01, -2.414589496417005e-02, 4.835050358702448e-01, 5.186545100633462e-01, -2.069799172117950e-01, -3.267099644289324e-01, -4.716404379368984e-01}
alpha_moments_count = 41
alpha_index_basic_count = 25
alpha_index_basic = {{0, 0, 0, 0}, {0, 1, 0, 0}, {0, 0, 1, 0}, {0, 0, 0, 1}, {0, 2, 0, 0}, {0, 1, 1, 0}, {0, 1, 0, 1}, {0, 0, 2, 0}, {0, 0, 1, 1}, {0, 0, 0, 2}, {0, 3, 0, 0}, {0, 2, 1, 0}, {0, 2, 0, 1}, {0, 1, 2, 0}, {0, 1, 1, 1}, {0, 1, 0, 2}, {0, 0, 3, 0}, {0, 0, 2, 1}, {0, 0, 1, 2}, {0, 0, 0, 3}, {1, 0, 0, 0}, {1, 1, 0, 0}, {1, 0, 1, 0}, {1, 0, 0, 1}, {2, 0, 0, 0}}
alpha_index_times_count = 42
alpha_index_times = {{0, 0, 1, 25}, {1, 1, 1, 26}, {2, 2, 1, 26}, {3, 3, 1, 26}, {1, 4, 1, 27}, {2, 5, 1, 27}, {3, 6, 1, 27}, {1, 5, 1, 28}, {2, 7, 1, 28}, {3, 8, 1, 28}, {1, 6, 1, 29}, {2, 8, 1, 29}, {3, 9, 1, 29}, {4, 4, 1, 30}, {5, 5, 2, 30}, {6, 6, 2, 30}, {7, 7, 1, 30}, {8, 8, 2, 30}, {9, 9, 1, 30}, {10, 10, 1, 31}, {11, 11, 3, 31}, {12, 12, 3, 31}, {13, 13, 3, 31}, {14, 14, 6, 31}, {15, 15, 3, 31}, {16, 16, 1, 31}, {17, 17, 3, 31}, {18, 18, 3, 31}, {19, 19, 1, 31}, {0, 20, 1, 32}, {1, 21, 1, 33}, {2, 22, 1, 33}, {3, 23, 1, 33}, {0, 25, 1, 34}, {0, 26, 1, 35}, {0, 30, 1, 36}, {1, 27, 1, 37}, {2, 28, 1, 37}, {3, 29, 1, 37}, {0, 32, 1, 38}, {0, 34, 1, 39}, {0, 35, 1, 40}}
alpha_scalar_moments = 16
alpha_moment_mapping = {0, 20, 24, 25, 26, 30, 31, 32, 33, 34, 35, 36, 37, 38, 39, 40}
species_coeffs = {-2.998891707485526e+00}
moment_coeffs = {2.715005102484829e+00, 9.659979773887453e-02, 2.065058122849700e-01, 4.454084359417625e+00, 1.312744889516020e+00, -1.523683041197430e+00, -7.793669496541413e-01, -5.965824336357850e-01, -5.666408252061557e-02, 5.221792827773018e+00, 2.555304246061703e+00, -5.719981137578243e-01, 6.118706051465675e+00, -6.060283681554763e-01, 2.355535239363145e+00, 1.697383478040565e+00}