MTP
version = 1.1.0
potential_name = MTP1m
scaling = 2.869245863504774e-02
species_count = 1
potential_tag = 
radial_basis_type = RBChebyshev
	min_dist = 2.000000000000000e+00
	max_dist = 5.000000000000000e+00
	radial_basis_size = 8
	radial_funcs_count = 3
	radial_coeffs
		0-0
			{4.999189729231525e-01, 1.574668223444955e-01, 3.567345563899836e-02, 3.613713720570889e-01, -5.284227177473834e-01, 3.746977775034243e-01, -1.659722018379521e-01, 3.824233135048943e-01}
			{-3.101768329758014e-01, 4.103712718740261e-01, -2.714951023616664e-01, -3.946815298681171e-01, 2.181770676440378e-01, 3.142048762368080e-01, -3.810245145983520e-01, 4.630302714278392e-01}
			{4.434498675386743e-01, 5.808484849434361e-01, 2.400536404889584e-01, -1.674448704869759e-02, 2.534562645876268e-01, -4.590938467048800e-01, -3.246525647996100e-01, -1.662967155068286e-01}
alpha_moments_count = 41
alpha_index_basic_count = 25
alpha_index_basic = {{0, 0, 0, 0}, {0, 1, 0, 0}, {0, 0, 1, 0}, {0, 0, 0, 1}, {0, 2, 0, 0}, {0, 1, 1, 0}, {0, 1, 0, 1}, {0, 0, 2, 0}, {0, 0, 1, 1}, {0, 0, 0, 2}, {0, 3, 0, 0}, {0, 2, 1, 0}, {0, 2, 0, 1}, {0, 1, 2, 0}, {0, 1, 1, 1}, {0, 1, 0, 2}, {0, 0, 3, 0}, {0, 0, 2, 1}, {0, 0, 1, 2}, {0, 0, 0, 3}, {1, 0, 0, 0}, {1, 1, 0, 0}, {1, 0, 1, 0}, {1, 0, 0, 1}, {2, 0, 0, 0}}
alpha_index_times_count = 42
alpha_index_times = {{0, 0, 1, 25}, {1, 1, 1, 26}, {2, 2, 1, 26}, {3, 3, 1, 26}, {1, 4, 1, 27}, {2, 5, 1, 27}, {3, 6, 1, 27}, {1, 5, 1, 28}, {2, 7, 1, 28}, {3, 8, 1, 28}, {1, 6, 1, 29}, {2, 8, 1, 29}, {3, 9, 1, 29}, {4, 4, 1, 30}, {5, 5, 2, 30}, {6, 6, 2, 30}, {7, 7, 1, 30}, {8, 8, 2, 30}, {9, 9, 1, 30}, {10, 10, 1, 31}, {11, 11, 3, 31}, {12, 12, 3, 31}, {13, 13, 3, 31}, {14, 14, 6, 31}, {15, 15, 3, 31}, {16, 16, 1, 31}, {17, 17, 3, 31}, {18, 18, 3, 31}, {19, 19, 1, 31}, {0, 20, 1, 32}, {1, 21, 1, 33}, {2, 22, 1, 33}, {3, 23, 1, 33}, {0, 25, 1, 34}, {0, 26, 1, 35}, {0, 30, 1, 36}, {1, 27, 1, 37}, {2, 28, 1, 37}, {3, 29, 1, 37}, {0, 32, 1, 38}, {0, 34, 1, 39}, {0, 35, 1, 40}}
alpha_scalar_moments = 16
alpha_moment_mapping = {0, 20, 24, 25, 26, 30, 31, 32, 33, 34, 35, 36, 37, 38, 39, 40}
species_coeffs = {-2.691590183447284e+01}
moment_coeffs = {5.542332818488141e+01, 3.345523063331886e+00, 1.255591379687880e+00, -1.756664354720029e+01, -1.831548011546963e+02, 1.541909703182084e+02, 1.155565055709448e+01, -1.259785605883958e+01, -3.532965235309407e+00, -1.293950646476343e+02, 6.545764537215437e+01, -1.633211753571751e+02, -5.826181861014804e+01, 1.037602390149944e+01, 1.248975912500264e+02, 2.104421964499278e+02}