MTP
version = 1.1.0
potential_name = MTP1m
scaling = 1.976064644287034e-02
species_count = 1
potential_tag = 
radial_basis_type = RBChebyshev
	min_dist = 2.000000000000000e+00
	max_dist = 5.000000000000000e+00
	radial_basis_size = 8
	radial_funcs_count = 3
	radial_coeffs
		0-0
			{1.529796639713071e-01, 3.211338152866269e-01, 4.941644631122090e-01, 6.881429818657122e-01, 1.173837705483834e-01, -9.834685929049303e-02, 2.655366955064465e-01, -2.485361607809338e-01}
			{1.211608422093188e-01, -1.405134408322099e-01, 4.819953608365182e-01, -6.339518974181085e-02, 5.287353690659403e-01, 2.435837116797903e-01, -5.935576795107311e-01, 1.950197695289707e-01}
			{-3.992974908954465e-01, -4.305798525309886e-03, -1.586766063153902e-01, -1.337907206545537e-01, 6.330656543376596e-01, 3.421609226712374e-01, 3.930804578179588e-01, -3.537036679411854e-01}
alpha_moments_count = 41
alpha_index_basic_count = 25
alpha_index_basic = {{0, 0, 0, 0}, {0, 1, 0, 0}, {0, 0, 1, 0}, {0, 0, 0, 1}, {0, 2, 0, 0}, {0, 1, 1, 0}, {0, 1, 0, 1}, {0, 0, 2, 0}, {0, 0, 1, 1}, {0, 0, 0, 2}, {0, 3, 0, 0}, {0, 2, 1, 0}, {0, 2, 0, 1}, {0, 1, 2, 0}, {0, 1, 1, 1}, {0, 1, 0, 2}, {0, 0, 3, 0}, {0, 0, 2, 1}, {0, 0, 1, 2}, {0, 0, 0, 3}, {1, 0, 0, 0}, {1, 1, 0, 0}, {1, 0, 1, 0}, {1, 0, 0, 1}, {2, 0, 0, 0}}
alpha_index_times_count = 42
alpha_index_times = {{0, 0, 1, 25}, {1, 1, 1, 26}, {2, 2, 1, 26}, {3, 3, 1, 26}, {1, 4, 1, 27}, {2, 5, 1, 27}, {3, 6, 1, 27}, {1, 5, 1, 28}, {2, 7, 1, 28}, {3, 8, 1, 28}, {1, 6, 1, 29}, {2, 8, 1, 29}, {3, 9, 1, 29}, {4, 4, 1, 30}, {5, 5, 2, 30}, {6, 6, 2, 30}, {7, 7, 1, 30}, {8, 8, 2, 30}, {9, 9, 1, 30}, {10, 10, 1, 31}, {11, 11, 3, 31}, {12, 12, 3, 31}, {13, 13, 3, 31}, {14, 14, 6, 31}, {15, 15, 3, 31}, {16, 16, 1, 31}, {17, 17, 3, 31}, {18, 18, 3, 31}, {19, 19, 1, 31}, {0, 20, 1, 32}, {1, 21, 1, 33}, {2, 22, 1, 33}, {3, 23, 1, 33}, {0, 25, 1, 34}, {0, 26, 1, 35}, {0, 30, 1, 36}, {1, 27, 1, 37}, {2, 28, 1, 37}, {3, 29, 1, 37}, {0, 32, 1, 38}, {0, 34, 1, 39}, {0, 35, 1, 40}}
alpha_scalar_moments = 16
alpha_moment_mapping = {0, 20, 24, 25, 26, 30, 31, 32, 33, 34, 35, 36, 37, 38, 39, 40}
species_coeffs = {-3.286585442665994e+00}
moment_coeffs = {1.485509951349734e+01, 8.619254919406988e+00, 2.495509243371801e-01, -3.814937816196502e+01, 3.837497984746108e+01, -1.609841710233265e+00, 2.192276553428466e+00, -2.110788618336640e+01, 1.708988822615349e+01, 2.163967726147103e+01, -4.571557137996574e+01, 5.635466048603035e+00, -1.400145817283687e+01, 1.208652794177708e+01, -4.919528056713682e-01, 3.744775460068699e+01}