MTP
version = 1.1.0
potential_name = MTP1m
scaling = 1.976064644287034e-02
species_count = 1
potential_tag = 
radial_basis_type = RBChebyshev
	min_dist = 2.000000000000000e+00
	max_dist = 5.000000000000000e+00
	radial_basis_size = 8
	radial_funcs_count = 3
	radial_coeffs
		0-0
			{-1.223624260808130e-01, 3.319318178513082e-01, 6.377932743330131e-01, 2.369156985353636e-01, 3.673742432571406e-01, -2.505912974053078e-01, -3.957849774977439e-01, 2.398620725077154e-01}
			{-6.045758752304793e-01, -3.718357127462271e-01, -6.560576901864344e-02, -5.329779362665853e-01, 6.785351185350856e-02, -3.198869038898853e-01, -1.017945096647106e-01, 3.009364766712397e-01}
			{-3.469358491341502e-02, -1.074024458487356e-01, -1.201851217250111e-01, -1.785950279714733e-01, 2.791896216701161e-01, 1.209192727450650e-01, -6.136243836989183e-01, -6.868895266722319e-01}
alpha_moments_count = 41
alpha_index_basic_count = 25
alpha_index_basic = {{0, 0, 0, 0}, {0, 1, 0, 0}, {0, 0, 1, 0}, {0, 0, 0, 1}, {0, 2, 0, 0}, {0, 1, 1, 0}, {0, 1, 0, 1}, {0, 0, 2, 0}, {0, 0, 1, 1}, {0, 0, 0, 2}, {0, 3, 0, 0}, {0, 2, 1, 0}, {0, 2, 0, 1}, {0, 1, 2, 0}, {0, 1, 1, 1}, {0, 1, 0, 2}, {0, 0, 3, 0}, {0, 0, 2, 1}, {0, 0, 1, 2}, {0, 0, 0, 3}, {1, 0, 0, 0}, {1, 1, 0, 0}, {1, 0, 1, 0}, {1, 0, 0, 1}, {2, 0, 0, 0}}
alpha_index_times_count = 42
alpha_index_times = {{0, 0, 1, 25}, {1, 1, 1, 26}, {2, 2, 1, 26}, {3, 3, 1, 26}, {1, 4, 1, 27}, {2, 5, 1, 27}, {3, 6, 1, 27}, {1, 5, 1, 28}, {2, 7, 1, 28}, {3, 8, 1, 28}, {1, 6, 1, 29}, {2, 8, 1, 29}, {3, 9, 1, 29}, {4, 4, 1, 30}, {5, 5, 2, 30}, {6, 6, 2, 30}, {7, 7, 1, 30}, {8, 8, 2, 30}, {9, 9, 1, 30}, {10, 10, 1, 31}, {11, 11, 3, 31}, {12, 12, 3, 31}, {13, 13, 3, 31}, {14, 14, 6, 31}, {15, 15, 3, 31}, {16, 16, 1, 31}, {17, 17, 3, 31}, {18, 18, 3, 31}, {19, 19, 1, 31}, {0, 20, 1, 32}, {1, 21, 1, 33}, {2, 22, 1, 33}, {3, 23, 1, 33}, {0, 25, 1, 34}, {0, 26, 1, 35}, {0, 30, 1, 36}, {1, 27, 1, 37}, {2, 28, 1, 37}, {3, 29, 1, 37}, {0, 32, 1, 38}, {0, 34, 1, 39}, {0, 35, 1, 40}}
alpha_scalar_moments = 16
alpha_moment_mapping = {0, 20, 24, 25, 26, 30, 31, 32, 33, 34, 35, 36, 37, 38, 39, 40}
species_coeffs = {-2.209209008654990e+01}
moment_coeffs = {-5.746019921740775e+01, -2.594958440065740e+01, 4.794784480635653e-01, -8.396838240528737e+01, -5.106732111670288e+00, -9.666009914622948e-01, 2.197516083048418e+00, -5.674267761282131e+01, 1.246577409460907e+01, -7.777707669141883e+01, 2.133918971881834e+01, -3.281165399533440e+00, 2.365481622901616e+00, -2.901111238712800e+01, -3.142681753465640e+01, 1.430946806792006e+01}