MTP
version = 1.1.0
potential_name = MTP1m
scaling = 1.345879857415382e-01
species_count = 1
potential_tag = 
radial_basis_type = RBChebyshev
	min_dist = 2.000000000000000e+00
	max_dist = 5.000000000000000e+00
	radial_basis_size = 8
	radial_funcs_count = 3
	radial_coeffs
		0-0
			{3.966218428783638e-02, 9.334487112819410e-01, -8.054912122967545e-02, 2.134973910764819e-01, -2.684020412057271e-01, -1.640820603316259e-02, -2.964906678035360e-02, 4.293209413353646e-02}
			{6.433081423078343e-02, 2.235191857358562e-01, -8.901333384612028e-02, -6.958546122048581e-01, 3.410494532163518e-01, 2.021083720321964e-01, -6.139724727344373e-02, 5.411391305956136e-01}
			{-1.830043474227135e-01, -1.468646909447446e-01, 1.797950357703084e-01, -3.383616463977938e-01, -8.104259351084929e-01, 9.475641363422213e-02, -3.458033312970431e-01, 1.130327111060854e-01}
alpha_moments_count = 41
alpha_index_basic_count = 25
alpha_index_basic = {{0, 0, 0, 0}, {0, 1, 0, 0}, {0, 0, 1, 0}, {0, 0, 0, 1}, {0, 2, 0, 0}, {0, 1, 1, 0}, {0, 1, 0, 1}, {0, 0, 2, 0}, {0, 0, 1, 1}, {0, 0, 0, 2}, {0, 3, 0, 0}, {0, 2, 1, 0}, {0, 2, 0, 1}, {0, 1, 2, 0}, {0, 1, 1, 1}, {0, 1, 0, 2}, {0, 0, 3, 0}, {0, 0, 2, 1}, {0, 0, 1, 2}, {0, 0, 0, 3}, {1, 0, 0, 0}, {1, 1, 0, 0}, {1, 0, 1, 0}, {1, 0, 0, 1}, {2, 0, 0, 0}}
alpha_index_times_count = 42
alpha_index_times = {{0, 0, 1, 25}, {1, 1, 1, 26}, {2, 2, 1, 26}, {3, 3, 1, 26}, {1, 4, 1, 27}, {2, 5, 1, 27}, {3, 6, 1, 27}, {1, 5, 1, 28}, {2, 7, 1, 28}, {3, 8, 1, 28}, {1, 6, 1, 29}, {2, 8, 1, 29}, {3, 9, 1, 29}, {4, 4, 1, 30}, {5, 5, 2, 30}, {6, 6, 2, 30}, {7, 7, 1, 30}, {8, 8, 2, 30}, {9, 9, 1, 30}, {10, 10, 1, 31}, {11, 11, 3, 31}, {12, 12, 3, 31}, {13, 13, 3, 31}, {14, 14, 6, 31}, {15, 15, 3, 31}, {16, 16, 1, 31}, {17, 17, 3, 31}, {18, 18, 3, 31}, {19, 19, 1, 31}, {0, 20, 1, 32}, {1, 21, 1, 33}, {2, 22, 1, 33}, {3, 23, 1, 33}, {0, 25, 1, 34}, {0, 26, 1, 35}, {0, 30, 1, 36}, {1, 27, 1, 37}, {2, 28, 1, 37}, {3, 29, 1, 37}, {0, 32, 1, 38}, {0, 34, 1, 39}, {0, 35, 1, 40}}
alpha_scalar_moments = 16
alpha_moment_mapping = {0, 20, 24, 25, 26, 30, 31, 32, 33, 34, 35, 36, 37, 38, 39, 40}
species_coeffs = {-3.162171119837425e+00}
moment_coeffs = {2.313800317361545e+00, -1.029192388593856e-02, 6.378973604395573e-02, 9.080652884762324e+00, -1.682624081006786e-01, 4.064806821594673e+00, 1.099611251913542e+00, -6.043852653732974e-02, -2.081824874216816e-03, 1.551950903778382e+01, -1.758364525588109e-01, 8.644758425018516e+00, 4.280539821164154e-01, -2.478548681416293e-02, 1.264590137462023e+01, -1.011981010351441e+00}