MTP
version = 1.1.0
potential_name = MTP1m
scaling = 5.364088555278885e-02
species_count = 1
potential_tag = 
radial_basis_type = RBChebyshev
	min_dist = 2.000000000000000e+00
	max_dist = 5.000000000000000e+00
	radial_basis_size = 8
	radial_funcs_count = 3
	radial_coeffs
		0-0
			{-5.673487192019780e-01, -2.725699915270443e-03, 7.516967577559740e-02, 4.895314504431516e-01, 4.310438933872278e-01, -3.992263940868532e-01, -1.185615375409461e-02, 2.957961448477838e-01}
			{-8.047166455043608e-03, 4.254922403435337e-01, -4.332774750075464e-01, 1.831253276517393e-01, 4.340851828554670e-01, 4.129607849270507e-01, 4.115796042426734e-01, -2.631786717274554e-01}
			{-4.870305511044232e-01, 1.123244025164380e-01, -2.479352337556875e-01, 1.058290703884338e-01, -5.120729021789264e-01, 5.017143728842345e-01, -1.593672970846513e-01, 3.717242167640455e-01}
alpha_moments_count = 41
alpha_index_basic_count = 25
alpha_index_basic = {{0, 0, 0, 0}, {0, 1, 0, 0}, {0, 0, 1, 0}, {0, 0, 0, 1}, {0, 2, 0, 0}, {0, 1, 1, 0}, {0, 1, 0, 1}, {0, 0, 2, 0}, {0, 0, 1, 1}, {0, 0, 0, 2}, {0, 3, 0, 0}, {0, 2, 1, 0}, {0, 2, 0, 1}, {0, 1, 2, 0}, {0, 1, 1, 1}, {0, 1, 0, 2}, {0, 0, 3, 0}, {0, 0, 2, 1}, {0, 0, 1, 2}, {0, 0, 0, 3}, {1, 0, 0, 0}, {1, 1, 0, 0}, {1, 0, 1, 0}, {1, 0, 0, 1}, {2, 0, 0, 0}}
alpha_index_times_count = 42
alpha_index_times = {{0, 0, 1, 25}, {1, 1, 1, 26}, {2, 2, 1, 26}, {3, 3, 1, 26}, {1, 4, 1, 27}, {2, 5, 1, 27}, {3, 6, 1, 27}, {1, 5, 1, 28}, {2, 7, 1, 28}, {3, 8, 1, 28}, {1, 6, 1, 29}, {2, 8, 1, 29}, {3, 9, 1, 29}, {4, 4, 1, 30}, {5, 5, 2, 30}, {6, 6, 2, 30}, {7, 7, 1, 30}, {8, 8, 2, 30}, {9, 9, 1, 30}, {10, 10, 1, 31}, {11, 11, 3, 31}, {12, 12, 3, 31}, {13, 13, 3, 31}, {14, 14, 6, 31}, {15, 15, 3, 31}, {16, 16, 1, 31}, {17, 17, 3, 31}, {18, 18, 3, 31}, {19, 19, 1, 31}, {0, 20, 1, 32}, {1, 21, 1, 33}, {2, 22, 1, 33}, {3, 23, 1, 33}, {0, 25, 1, 34}, {0, 26, 1, 35}, {0, 30, 1, 36}, {1, 27, 1, 37}, {2, 28, 1, 37}, {3, 29, 1, 37}, {0, 32, 1, 38}, {0, 34, 1, 39}, {0, 35, 1, 40}}
alpha_scalar_moments = 16
alpha_moment_mapping = {0, 20, 24, 25, 26, 30, 31, 32, 33, 34, 35, 36, 37, 38, 39, 40}
species_coeffs = {-3.727845574552343e+00}
moment_coeffs = {-3.786386779781980e+00, 2.717157844538841e+00, 1.080555902793166e+00, 2.774899016836603e+00, -1.372489770326723e+00, 1.765927384987144e+00, 1.716088394290337e+00, 5.906229476256761e+00, -1.402375770797054e+00, 2.961451912907886e+00, 4.458363668284718e-01, 3.392847330839883e+00, -4.541007882234227e-01, 4.309724334811464e-01, 5.258747197205984e+00, -3.117962024852571e+00}