MTP
version = 1.1.0
potential_name = MTP1m
scaling = 1.628514627472612e-01
species_count = 1
potential_tag = 
radial_basis_type = RBChebyshev
	min_dist = 2.000000000000000e+00
	max_dist = 5.000000000000000e+00
	radial_basis_size = 8
	radial_funcs_count = 3
	radial_coeffs
		0-0
			{-5.802699282546954e-01, 3.073341381775233e-01, -6.611217850093254e-01, -4.872366976587049e-02, -2.849349017426742e-01, 1.995732851760857e-01, 5.090631750023067e-02, 7.594523629617900e-02}
			{-2.361900119661804e-01, 5.008451528097098e-02, 1.408420381458505e-02, 7.340556142315594e-01, -4.361714559363220e-02, -3.692274259043345e-01, -1.973413052502301e-01, -4.748630023564498e-01}
			{-3.519539770003173e-01, -1.911061880215127e-01, 2.311332947360313e-01, 3.592645551122013e-02, -2.382185977312971e-01, -5.675498190035742e-01, 1.434724937039770e-01, 6.208447939917999e-01}
alpha_moments_count = 41
alpha_index_basic_count = 25
alpha_index_basic = {{0, 0, 0, 0}, {0, 1, 0, 0}, {0, 0, 1, 0}, {0, 0, 0, 1}, {0, 2, 0, 0}, {0, 1, 1, 0}, {0, 1, 0, 1}, {0, 0, 2, 0}, {0, 0, 1, 1}, {0, 0, 0, 2}, {0, 3, 0, 0}, {0, 2, 1, 0}, {0, 2, 0, 1}, {0, 1, 2, 0}, {0, 1, 1, 1}, {0, 1, 0, 2}, {0, 0, 3, 0}, {0, 0, 2, 1}, {0, 0, 1, 2}, {0, 0, 0, 3}, {1, 0, 0, 0}, {1, 1, 0, 0}, {1, 0, 1, 0}, {1, 0, 0, 1}, {2, 0, 0, 0}}
alpha_index_times_count = 42
alpha_index_times = {{0, 0, 1, 25}, {1, 1, 1, 26}, {2, 2, 1, 26}, {3, 3, 1, 26}, {1, 4, 1, 27}, {2, 5, 1, 27}, {3, 6, 1, 27}, {1, 5, 1, 28}, {2, 7, 1, 28}, {3, 8, 1, 28}, {1, 6, 1, 29}, {2, 8, 1, 29}, {3, 9, 1, 29}, {4, 4, 1, 30}, {5, 5, 2, 30}, {6, 6, 2, 30}, {7, 7, 1, 30}, {8, 8, 2, 30}, {9, 9, 1, 30}, {10, 10, 1, 31}, {11, 11, 3, 31}, {12, 12, 3, 31}, {13, 13, 3, 31}, {14, 14, 6, 31}, {15, 15, 3, 31}, {16, 16, 1, 31}, {17, 17, 3, 31}, {18, 18, 3, 31}, {19, 19, 1, 31}, {0, 20, 1, 32}, {1, 21, 1, 33}, {2, 22, 1, 33}, {3, 23, 1, 33}, {0, 25, 1, 34}, {0, 26, 1, 35}, {0, 30, 1, 36}, {1, 27, 1, 37}, {2, 28, 1, 37}, {3, 29, 1, 37}, {0, 32, 1, 38}, {0, 34, 1, 39}, {0, 35, 1, 40}}
alpha_scalar_moments = 16
alpha_moment_mapping = {0, 20, 24, 25, 26, 30, 31, 32, 33, 34, 35, 36, 37, 38, 39, 40}
species_coeffs = {8.355061780875509e-01}
moment_coeffs = {8.719166289272602e+00, -5.777927561293800e-01, -3.674964185222568e-02, 5.279027942555214e+00, -1.717382156046223e+01, 3.933195079744178e-01, -1.255917834671062e-01, -2.995370059823352e-01, 3.489039160356584e-02, 1.353431051118444e+00, -9.978564276356240e+00, 1.805343520125011e-02, 5.693120087423358e-01, -4.570918303212642e-02, 1.224884810682844e-01, -1.347536833507113e+00}