MTP
version = 1.1.0
potential_name = MTP1m
scaling = 3.443095036205729e-02
species_count = 1
potential_tag = 
radial_basis_type = RBChebyshev
	min_dist = 2.000000000000000e+00
	max_dist = 5.000000000000000e+00
	radial_basis_size = 8
	radial_funcs_count = 3
	radial_coeffs
		0-0
			{-6.309931268860596e-01, -5.013284102041640e-01, 2.237109211557309e-01, -4.669252557454339e-01, 5.827514654547550e-02, 1.462615069357143e-01, 1.666357563870663e-01, 1.729041093344572e-01}
			{4.166670336280909e-01, -3.695939824116944e-01, 5.593593742535662e-01, 1.737858754971492e-01, -1.077167530225792e-01, 1.664156195295537e-01, -3.514761083953559e-01, 4.288028897839931e-01}
			{-2.728402216485822e-01, -1.750470802018423e-01, -3.363066641634723e-01, 5.589932288993270e-01, 3.238967217660850e-01, -2.741165782118503e-01, 2.804453602312863e-02, 5.371272188461145e-01}
alpha_moments_count = 41
alpha_index_basic_count = 25
alpha_index_basic = {{0, 0, 0, 0}, {0, 1, 0, 0}, {0, 0, 1, 0}, {0, 0, 0, 1}, {0, 2, 0, 0}, {0, 1, 1, 0}, {0, 1, 0, 1}, {0, 0, 2, 0}, {0, 0, 1, 1}, {0, 0, 0, 2}, {0, 3, 0, 0}, {0, 2, 1, 0}, {0, 2, 0, 1}, {0, 1, 2, 0}, {0, 1, 1, 1}, {0, 1, 0, 2}, {0, 0, 3, 0}, {0, 0, 2, 1}, {0, 0, 1, 2}, {0, 0, 0, 3}, {1, 0, 0, 0}, {1, 1, 0, 0}, {1, 0, 1, 0}, {1, 0, 0, 1}, {2, 0, 0, 0}}
alpha_index_times_count = 42
alpha_index_times = {{0, 0, 1, 25}, {1, 1, 1, 26}, {2, 2, 1, 26}, {3, 3, 1, 26}, {1, 4, 1, 27}, {2, 5, 1, 27}, {3, 6, 1, 27}, {1, 5, 1, 28}, {2, 7, 1, 28}, {3, 8, 1, 28}, {1, 6, 1, 29}, {2, 8, 1, 29}, {3, 9, 1, 29}, {4, 4, 1, 30}, {5, 5, 2, 30}, {6, 6, 2, 30}, {7, 7, 1, 30}, {8, 8, 2, 30}, {9, 9, 1, 30}, {10, 10, 1, 31}, {11, 11, 3, 31}, {12, 12, 3, 31}, {13, 13, 3, 31}, {14, 14, 6, 31}, {15, 15, 3, 31}, {16, 16, 1, 31}, {17, 17, 3, 31}, {18, 18, 3, 31}, {19, 19, 1, 31}, {0, 20, 1, 32}, {1, 21, 1, 33}, {2, 22, 1, 33}, {3, 23, 1, 33}, {0, 25, 1, 34}, {0, 26, 1, 35}, {0, 30, 1, 36}, {1, 27, 1, 37}, {2, 28, 1, 37}, {3, 29, 1, 37}, {0, 32, 1, 38}, {0, 34, 1, 39}, {0, 35, 1, 40}}
alpha_scalar_moments = 16
alpha_moment_mapping = {0, 20, 24, 25, 26, 30, 31, 32, 33, 34, 35, 36, 37, 38, 39, 40}
species_coeffs = {-1.250093719297345e+02}
moment_coeffs = {-2.089307710691559e+02, 3.044621220093659e+01, -1.466505919963079e-01, -1.230155025696363e+02, -1.431373266658225e+02, -2.375157500398891e+01, -1.720127588799520e+00, 2.989413661590408e+01, -1.892385589150663e+00, -3.082858076905763e+01, -1.465526376582262e+02, -1.268958079692469e+01, 9.545878304687147e+00, 7.394089288127435e+00, -3.319687581362938e+00, -3.489962621971831e+01}