MTP
version = 1.1.0
potential_name = MTP1m
scaling = 2.351680237829198e-02
species_count = 1
potential_tag = 
radial_basis_type = RBChebyshev
	min_dist = 2.000000000000000e+00
	max_dist = 5.000000000000000e+00
	radial_basis_size = 8
	radial_funcs_count = 3
	radial_coeffs
		0-0
			{-5.047463583555378e-02, 3.761904175991870e-01, 6.610077928905240e-01, 2.556921795812694e-01, 2.892512556686787e-01, 4.746792168257573e-01, -4.379119500148657e-03, 2.112284606841071e-01}
			{1.478680136286325e-01, -8.293521397802586e-02, 5.168254582960944e-01, -2.030238294228592e-02, -5.849005627332999e-01, -2.639857570304188e-01, -5.396528836154336e-01, -2.671471386205872e-02}
			{-3.057931328398185e-01, 1.124409400042816e-02, 3.665628475229376e-01, 2.062567456773955e-01, -1.304537607623784e-01, -5.085810529221148e-01, 6.556186436257925e-01, -1.547426449897565e-01}
alpha_moments_count = 41
alpha_index_basic_count = 25
alpha_index_basic = {{0, 0, 0, 0}, {0, 1, 0, 0}, {0, 0, 1, 0}, {0, 0, 0, 1}, {0, 2, 0, 0}, {0, 1, 1, 0}, {0, 1, 0, 1}, {0, 0, 2, 0}, {0, 0, 1, 1}, {0, 0, 0, 2}, {0, 3, 0, 0}, {0, 2, 1, 0}, {0, 2, 0, 1}, {0, 1, 2, 0}, {0, 1, 1, 1}, {0, 1, 0, 2}, {0, 0, 3, 0}, {0, 0, 2, 1}, {0, 0, 1, 2}, {0, 0, 0, 3}, {1, 0, 0, 0}, {1, 1, 0, 0}, {1, 0, 1, 0}, {1, 0, 0, 1}, {2, 0, 0, 0}}
alpha_index_times_count = 42
alpha_index_times = {{0, 0, 1, 25}, {1, 1, 1, 26}, {2, 2, 1, 26}, {3, 3, 1, 26}, {1, 4, 1, 27}, {2, 5, 1, 27}, {3, 6, 1, 27}, {1, 5, 1, 28}, {2, 7, 1, 28}, {3, 8, 1, 28}, {1, 6, 1, 29}, {2, 8, 1, 29}, {3, 9, 1, 29}, {4, 4, 1, 30}, {5, 5, 2, 30}, {6, 6, 2, 30}, {7, 7, 1, 30}, {8, 8, 2, 30}, {9, 9, 1, 30}, {10, 10, 1, 31}, {11, 11, 3, 31}, {12, 12, 3, 31}, {13, 13, 3, 31}, {14, 14, 6, 31}, {15, 15, 3, 31}, {16, 16, 1, 31}, {17, 17, 3, 31}, {18, 18, 3, 31}, {19, 19, 1, 31}, {0, 20, 1, 32}, {1, 21, 1, 33}, {2, 22, 1, 33}, {3, 23, 1, 33}, {0, 25, 1, 34}, {0, 26, 1, 35}, {0, 30, 1, 36}, {1, 27, 1, 37}, {2, 28, 1, 37}, {3, 29, 1, 37}, {0, 32, 1, 38}, {0, 34, 1, 39}, {0, 35, 1, 40}}
alpha_scalar_moments = 16
alpha_moment_mapping = {0, 20, 24, 25, 26, 30, 31, 32, 33, 34, 35, 36, 37, 38, 39, 40}
species_coeffs = {-3.455974056523166e+01}
moment_coeffs = {-1.267363095043176e+02, 3.974946804094519e+00, 2.424704085957682e-01, -1.786692469390997e+02, -1.583095412844552e+02, -2.819900165659575e+01, -7.430443448369483e+00, 3.470045503282121e+00, -1.337380969087852e+00, -1.135474240700854e+02, -3.134843279048930e+02, -2.642999808895687e+01, 1.554211612528927e+01, 3.890116121813835e-01, -2.987318245720466e+01, -1.464383465908677e+02}