MTP
version = 1.1.0
potential_name = MTP1m
scaling = 1.976064644287034e-02
species_count = 1
potential_tag = 
radial_basis_type = RBChebyshev
	min_dist = 2.000000000000000e+00
	max_dist = 5.000000000000000e+00
	radial_basis_size = 8
	radial_funcs_count = 3
	radial_coeffs
		0-0
			{4.208697495933026e-01, -2.908354521568500e-02, 1.008742927488872e-03, 6.864098382805033e-01, -3.389752220427549e-01, -2.941823250385152e-01, -3.853608293875032e-01, -3.021434219326153e-02}
			{1.566228497865800e-01, 1.807799901769955e-02, 4.741740526144259e-02, 5.021360823819460e-01, 4.457189971161829e-01, 6.121939945945151e-01, 1.781585069304881e-01, 3.399500662230915e-01}
			{5.521602613766693e-01, -5.623591651231791e-01, 4.789427419669263e-01, -3.011234841071740e-01, 2.280893523081603e-01, -7.486522898587475e-02, -3.365418949817885e-02, 6.895794118528865e-03}
alpha_moments_count = 41
alpha_index_basic_count = 25
alpha_index_basic = {{0, 0, 0, 0}, {0, 1, 0, 0}, {0, 0, 1, 0}, {0, 0, 0, 1}, {0, 2, 0, 0}, {0, 1, 1, 0}, {0, 1, 0, 1}, {0, 0, 2, 0}, {0, 0, 1, 1}, {0, 0, 0, 2}, {0, 3, 0, 0}, {0, 2, 1, 0}, {0, 2, 0, 1}, {0, 1, 2, 0}, {0, 1, 1, 1}, {0, 1, 0, 2}, {0, 0, 3, 0}, {0, 0, 2, 1}, {0, 0, 1, 2}, {0, 0, 0, 3}, {1, 0, 0, 0}, {1, 1, 0, 0}, {1, 0, 1, 0}, {1, 0, 0, 1}, {2, 0, 0, 0}}
alpha_index_times_count = 42
alpha_index_times = {{0, 0, 1, 25}, {1, 1, 1, 26}, {2, 2, 1, 26}, {3, 3, 1, 26}, {1, 4, 1, 27}, {2, 5, 1, 27}, {3, 6, 1, 27}, {1, 5, 1, 28}, {2, 7, 1, 28}, {3, 8, 1, 28}, {1, 6, 1, 29}, {2, 8, 1, 29}, {3, 9, 1, 29}, {4, 4, 1, 30}, {5, 5, 2, 30}, {6, 6, 2, 30}, {7, 7, 1, 30}, {8, 8, 2, 30}, {9, 9, 1, 30}, {10, 10, 1, 31}, {11, 11, 3, 31}, {12, 12, 3, 31}, {13, 13, 3, 31}, {14, 14, 6, 31}, {15, 15, 3, 31}, {16, 16, 1, 31}, {17, 17, 3, 31}, {18, 18, 3, 31}, {19, 19, 1, 31}, {0, 20, 1, 32}, {1, 21, 1, 33}, {2, 22, 1, 33}, {3, 23, 1, 33}, {0, 25, 1, 34}, {0, 26, 1, 35}, {0, 30, 1, 36}, {1, 27, 1, 37}, {2, 28, 1, 37}, {3, 29, 1, 37}, {0, 32, 1, 38}, {0, 34, 1, 39}, {0, 35, 1, 40}}
alpha_scalar_moments = 16
alpha_moment_mapping = {0, 20, 24, 25, 26, 30, 31, 32, 33, 34, 35, 36, 37, 38, 39, 40}
species_coeffs = {5.096679334168838e+01}
moment_coeffs = {-1.987964030124181e+02, -1.128356781496013e+01, 2.538501900320175e+00, 2.682714653577794e+02, -5.960137487214111e+01, 6.633897111148905e+00, -2.067486261524242e+00, 2.014926785306467e+01, 3.344065301546348e-01, -1.632494604796634e+02, 1.064213876314341e+02, -3.496237680097939e+00, -9.038658633325401e+00, -9.200266391774267e+00, 3.758124175995236e+01, -4.121655513262609e+01}