MTP
version = 1.1.0
potential_name = MTP1m
scaling = 6.490547151887452e-02
species_count = 1
potential_tag = 
radial_basis_type = RBChebyshev
	min_dist = 2.000000000000000e+00
	max_dist = 5.000000000000000e+00
	radial_basis_size = 8
	radial_funcs_count = 3
	radial_coeffs
		0-0
			{-1.687702832863058e-01, 5.825576691618232e-01, -7.574741427506523e-01, 8.403987217958903e-02, -1.992014902950938e-01, 7.449907843084570e-02, -4.761127331146481e-02, 6.176727255785177e-02}
			{-8.697132895695820e-01, -2.344943568807638e-01, -4.269322699770762e-03, 2.600394255837237e-01, 2.454891816387004e-01, 2.281788238580834e-01, 9.154585220783773e-02, 1.616486150726959e-02}
			{6.358136623899430e-02, 9.487999820255059e-02, 5.003477622635684e-03, 6.131729066235868e-01, 4.174463427530462e-02, -5.047022053411300e-01, 3.381331839062925e-01, -4.900491466956588e-01}
alpha_moments_count = 41
alpha_index_basic_count = 25
alpha_index_basic = {{0, 0, 0, 0}, {0, 1, 0, 0}, {0, 0, 1, 0}, {0, 0, 0, 1}, {0, 2, 0, 0}, {0, 1, 1, 0}, {0, 1, 0, 1}, {0, 0, 2, 0}, {0, 0, 1, 1}, {0, 0, 0, 2}, {0, 3, 0, 0}, {0, 2, 1, 0}, {0, 2, 0, 1}, {0, 1, 2, 0}, {0, 1, 1, 1}, {0, 1, 0, 2}, {0, 0, 3, 0}, {0, 0, 2, 1}, {0, 0, 1, 2}, {0, 0, 0, 3}, {1, 0, 0, 0}, {1, 1, 0, 0}, {1, 0, 1, 0}, {1, 0, 0, 1}, {2, 0, 0, 0}}
alpha_index_times_count = 42
alpha_index_times = {{0, 0, 1, 25}, {1, 1, 1, 26}, {2, 2, 1, 26}, {3, 3, 1, 26}, {1, 4, 1, 27}, {2, 5, 1, 27}, {3, 6, 1, 27}, {1, 5, 1, 28}, {2, 7, 1, 28}, {3, 8, 1, 28}, {1, 6, 1, 29}, {2, 8, 1, 29}, {3, 9, 1, 29}, {4, 4, 1, 30}, {5, 5, 2, 30}, {6, 6, 2, 30}, {7, 7, 1, 30}, {8, 8, 2, 30}, {9, 9, 1, 30}, {10, 10, 1, 31}, {11, 11, 3, 31}, {12, 12, 3, 31}, {13, 13, 3, 31}, {14, 14, 6, 31}, {15, 15, 3, 31}, {16, 16, 1, 31}, {17, 17, 3, 31}, {18, 18, 3, 31}, {19, 19, 1, 31}, {0, 20, 1, 32}, {1, 21, 1, 33}, {2, 22, 1, 33}, {3, 23, 1, 33}, {0, 25, 1, 34}, {0, 26, 1, 35}, {0, 30, 1, 36}, {1, 27, 1, 37}, {2, 28, 1, 37}, {3, 29, 1, 37}, {0, 32, 1, 38}, {0, 34, 1, 39}, {0, 35, 1, 40}}
alpha_scalar_moments = 16
alpha_moment_mapping = {0, 20, 24, 25, 26, 30, 31, 32, 33, 34, 35, 36, 37, 38, 39, 40}
species_coeffs = {-2.950956953947321e+00}
moment_coeffs = {2.331909663945646e+00, -2.963926407317864e-02, -1.331785695059621e-01, -7.130420362630880e+00, 1.589753649556394e+00, 7.051543956241624e-01, -8.664130648570194e-01, 1.076982365035039e+00, 5.229953143150500e-01, -8.331400661101396e-01, -6.106345181126992e+00, -2.775809756919303e+00, -5.479008495459209e-01, -2.742971169421703e+00, 1.653645554782086e+00, 6.421728272615209e+00}