MTP
version = 1.1.0
potential_name = MTP1m
scaling = 2.371277573144441e-02
species_count = 1
potential_tag = 
radial_basis_type = RBChebyshev
	min_dist = 2.000000000000000e+00
	max_dist = 5.000000000000000e+00
	radial_basis_size = 8
	radial_funcs_count = 3
	radial_coeffs
		0-0
			{7.737997103472541e-01, 2.833797942275950e-02, 3.361248345101944e-01, 4.262186315240576e-01, -9.271176503260474e-02, -1.917356121720426e-01, 2.065018518292133e-02, -2.449577385131103e-01}
			{9.871378591241547e-02, -5.688760619157228e-01, -1.859512613570402e-01, 3.118896930981107e-01, -4.568890629338945e-01, 4.207119825778572e-01, 5.638959111994543e-02, 3.819117535362201e-01}
			{1.752077581244864e-01, -6.524432069772508e-01, 2.649398969479420e-01, -4.585940247240606e-01, 3.290814288914784e-01, 1.121838555365255e-01, -3.222551726282371e-01, -1.959343596332232e-01}
alpha_moments_count = 41
alpha_index_basic_count = 25
alpha_index_basic = {{0, 0, 0, 0}, {0, 1, 0, 0}, {0, 0, 1, 0}, {0, 0, 0, 1}, {0, 2, 0, 0}, {0, 1, 1, 0}, {0, 1, 0, 1}, {0, 0, 2, 0}, {0, 0, 1, 1}, {0, 0, 0, 2}, {0, 3, 0, 0}, {0, 2, 1, 0}, {0, 2, 0, 1}, {0, 1, 2, 0}, {0, 1, 1, 1}, {0, 1, 0, 2}, {0, 0, 3, 0}, {0, 0, 2, 1}, {0, 0, 1, 2}, {0, 0, 0, 3}, {1, 0, 0, 0}, {1, 1, 0, 0}, {1, 0, 1, 0}, {1, 0, 0, 1}, {2, 0, 0, 0}}
alpha_index_times_count = 42
alpha_index_times = {{0, 0, 1, 25}, {1, 1, 1, 26}, {2, 2, 1, 26}, {3, 3, 1, 26}, {1, 4, 1, 27}, {2, 5, 1, 27}, {3, 6, 1, 27}, {1, 5, 1, 28}, {2, 7, 1, 28}, {3, 8, 1, 28}, {1, 6, 1, 29}, {2, 8, 1, 29}, {3, 9, 1, 29}, {4, 4, 1, 30}, {5, 5, 2, 30}, {6, 6, 2, 30}, {7, 7, 1, 30}, {8, 8, 2, 30}, {9, 9, 1, 30}, {10, 10, 1, 31}, {11, 11, 3, 31}, {12, 12, 3, 31}, {13, 13, 3, 31}, {14, 14, 6, 31}, {15, 15, 3, 31}, {16, 16, 1, 31}, {17, 17, 3, 31}, {18, 18, 3, 31}, {19, 19, 1, 31}, {0, 20, 1, 32}, {1, 21, 1, 33}, {2, 22, 1, 33}, {3, 23, 1, 33}, {0, 25, 1, 34}, {0, 26, 1, 35}, {0, 30, 1, 36}, {1, 27, 1, 37}, {2, 28, 1, 37}, {3, 29, 1, 37}, {0, 32, 1, 38}, {0, 34, 1, 39}, {0, 35, 1, 40}}
alpha_scalar_moments = 16
alpha_moment_mapping = {0, 20, 24, 25, 26, 30, 31, 32, 33, 34, 35, 36, 37, 38, 39, 40}
species_coeffs = {1.824479202024941e+01}
moment_coeffs = {-8.063466475519490e+01, -9.096168685057847e+00, -5.542917062009959e-01, 8.842209283184120e+01, 5.081937573371388e+01, 1.602359815616896e+01, -5.739375926905230e+00, 2.562585068327618e+01, 3.567487759531196e+00, -3.050658126257620e+01, -8.646806615477016e+01, -1.572932727576571e+01, -1.594639224482331e+01, -1.878411315571281e+01, 9.505846805648942e-01, 4.494001556906736e+01}