MTP
version = 1.1.0
potential_name = MTP1m
scaling = 1.992531849656093e-02
species_count = 1
potential_tag = 
radial_basis_type = RBChebyshev
	min_dist = 2.000000000000000e+00
	max_dist = 5.000000000000000e+00
	radial_basis_size = 8
	radial_funcs_count = 3
	radial_coeffs
		0-0
			{-5.855879260177052e-01, 6.354984027148496e-01, -1.747572422708247e-01, 8.401492408544925e-02, 4.274849802362171e-01, 3.994781107441967e-03, -1.610069665075695e-01, -8.335075996261343e-02}
			{-3.176929094983731e-01, -4.799149033889676e-01, 1.425687605436983e-01, -4.213113460948817e-01, 5.657453598444423e-01, -9.167977957407324e-02, 2.325699056831603e-01, 2.972575363731363e-01}
			{-1.219955471532659e-01, 4.026135063023648e-01, 1.247401202337108e-01, -6.144241477134765e-01, -4.847152974918509e-01, -2.201500192939630e-01, 9.205827256073934e-02, 3.715543609806310e-01}
alpha_moments_count = 41
alpha_index_basic_count = 25
alpha_index_basic = {{0, 0, 0, 0}, {0, 1, 0, 0}, {0, 0, 1, 0}, {0, 0, 0, 1}, {0, 2, 0, 0}, {0, 1, 1, 0}, {0, 1, 0, 1}, {0, 0, 2, 0}, {0, 0, 1, 1}, {0, 0, 0, 2}, {0, 3, 0, 0}, {0, 2, 1, 0}, {0, 2, 0, 1}, {0, 1, 2, 0}, {0, 1, 1, 1}, {0, 1, 0, 2}, {0, 0, 3, 0}, {0, 0, 2, 1}, {0, 0, 1, 2}, {0, 0, 0, 3}, {1, 0, 0, 0}, {1, 1, 0, 0}, {1, 0, 1, 0}, {1, 0, 0, 1}, {2, 0, 0, 0}}
alpha_index_times_count = 42
alpha_index_times = {{0, 0, 1, 25}, {1, 1, 1, 26}, {2, 2, 1, 26}, {3, 3, 1, 26}, {1, 4, 1, 27}, {2, 5, 1, 27}, {3, 6, 1, 27}, {1, 5, 1, 28}, {2, 7, 1, 28}, {3, 8, 1, 28}, {1, 6, 1, 29}, {2, 8, 1, 29}, {3, 9, 1, 29}, {4, 4, 1, 30}, {5, 5, 2, 30}, {6, 6, 2, 30}, {7, 7, 1, 30}, {8, 8, 2, 30}, {9, 9, 1, 30}, {10, 10, 1, 31}, {11, 11, 3, 31}, {12, 12, 3, 31}, {13, 13, 3, 31}, {14, 14, 6, 31}, {15, 15, 3, 31}, {16, 16, 1, 31}, {17, 17, 3, 31}, {18, 18, 3, 31}, {19, 19, 1, 31}, {0, 20, 1, 32}, {1, 21, 1, 33}, {2, 22, 1, 33}, {3, 23, 1, 33}, {0, 25, 1, 34}, {0, 26, 1, 35}, {0, 30, 1, 36}, {1, 27, 1, 37}, {2, 28, 1, 37}, {3, 29, 1, 37}, {0, 32, 1, 38}, {0, 34, 1, 39}, {0, 35, 1, 40}}
alpha_scalar_moments = 16
alpha_moment_mapping = {0, 20, 24, 25, 26, 30, 31, 32, 33, 34, 35, 36, 37, 38, 39, 40}
species_coeffs = {-4.832006686498378e+01}
moment_coeffs = {-2.381032877945172e+02, 2.983722810891261e+00, -7.729522812731701e-01, -4.837441140944551e+02, -2.613279484396401e+02, 2.133238305371503e+01, -5.603386379061916e+00, 6.681033621077108e+00, -1.127026422599620e+00, -4.232367400920600e+02, -6.701776300240147e+02, 1.996486486995813e+01, 4.134097304289796e+01, 5.422678259775351e+00, -1.336454913848764e+02, -4.120992290312287e+02}