MTP
version = 1.1.0
potential_name = MTP1m
scaling = 8.496716271561751e-02
species_count = 1
potential_tag = 
radial_basis_type = RBChebyshev
	min_dist = 2.000000000000000e+00
	max_dist = 5.000000000000000e+00
	radial_basis_size = 8
	radial_funcs_count = 3
	radial_coeffs
		0-0
			{-5.861562175817866e-02, 9.193175618897771e-02, 7.611100153995708e-02, 4.649012011339230e-01, 8.402623367611032e-01, 2.252499302498958e-01, -9.699550166995018e-02, 5.439831938147721e-04}
			{5.943631161121103e-01, -3.701515818059988e-01, 6.010870425845833e-01, 3.023292807353357e-01, -1.614970011639887e-01, 9.787814243869975e-03, -1.658995994232165e-01, -5.754915601097176e-02}
			{-4.820492867293250e-01, 2.233300467768270e-02, 3.192341562279199e-01, 4.848316675975433e-01, -1.619684809164529e-01, -4.523368549269420e-01, 4.325963830862156e-01, -1.103425532738499e-01}
alpha_moments_count = 41
alpha_index_basic_count = 25
alpha_index_basic = {{0, 0, 0, 0}, {0, 1, 0, 0}, {0, 0, 1, 0}, {0, 0, 0, 1}, {0, 2, 0, 0}, {0, 1, 1, 0}, {0, 1, 0, 1}, {0, 0, 2, 0}, {0, 0, 1, 1}, {0, 0, 0, 2}, {0, 3, 0, 0}, {0, 2, 1, 0}, {0, 2, 0, 1}, {0, 1, 2, 0}, {0, 1, 1, 1}, {0, 1, 0, 2}, {0, 0, 3, 0}, {0, 0, 2, 1}, {0, 0, 1, 2}, {0, 0, 0, 3}, {1, 0, 0, 0}, {1, 1, 0, 0}, {1, 0, 1, 0}, {1, 0, 0, 1}, {2, 0, 0, 0}}
alpha_index_times_count = 42
alpha_index_times = {{0, 0, 1, 25}, {1, 1, 1, 26}, {2, 2, 1, 26}, {3, 3, 1, 26}, {1, 4, 1, 27}, {2, 5, 1, 27}, {3, 6, 1, 27}, {1, 5, 1, 28}, {2, 7, 1, 28}, {3, 8, 1, 28}, {1, 6, 1, 29}, {2, 8, 1, 29}, {3, 9, 1, 29}, {4, 4, 1, 30}, {5, 5, 2, 30}, {6, 6, 2, 30}, {7, 7, 1, 30}, {8, 8, 2, 30}, {9, 9, 1, 30}, {10, 10, 1, 31}, {11, 11, 3, 31}, {12, 12, 3, 31}, {13, 13, 3, 31}, {14, 14, 6, 31}, {15, 15, 3, 31}, {16, 16, 1, 31}, {17, 17, 3, 31}, {18, 18, 3, 31}, {19, 19, 1, 31}, {0, 20, 1, 32}, {1, 21, 1, 33}, {2, 22, 1, 33}, {3, 23, 1, 33}, {0, 25, 1, 34}, {0, 26, 1, 35}, {0, 30, 1, 36}, {1, 27, 1, 37}, {2, 28, 1, 37}, {3, 29, 1, 37}, {0, 32, 1, 38}, {0, 34, 1, 39}, {0, 35, 1, 40}}
alpha_scalar_moments = 16
alpha_moment_mapping = {0, 20, 24, 25, 26, 30, 31, 32, 33, 34, 35, 36, 37, 38, 39, 40}
species_coeffs = {7.582648580172818e-01}
moment_coeffs = {9.492524793931061e+00, -1.284404850857331e+00, -1.590100386242479e-01, 1.934770952682789e+00, -1.135079353944280e+01, 8.927092886398539e+00, -7.746506947513961e-01, -7.388591954551152e-01, -2.399968086586023e-01, -5.698912820665891e+00, -2.563214397619858e+01, 9.843882315469026e+00, -5.780519680033783e-01, -2.662160910686475e-01, -2.040137321836627e+00, -1.334678118248288e+01}