MTP
version = 1.1.0
potential_name = MTP1m
scaling = 4.507324411032954e-02
species_count = 1
potential_tag = 
radial_basis_type = RBChebyshev
	min_dist = 2.000000000000000e+00
	max_dist = 5.000000000000000e+00
	radial_basis_size = 8
	radial_funcs_count = 3
	radial_coeffs
		0-0
			{-8.268776857207163e-03, -4.263594293225508e-01, 4.865453334019599e-01, 6.170281919648503e-01, 1.838457892438951e-01, 3.338300983882751e-02, 4.056991926640120e-01, 3.454819713902800e-02}
			{7.554184247136051e-01, -1.832819826937560e-01, 3.151154243805131e-02, -2.700176110458537e-01, 4.274632466855457e-01, 2.058910157633881e-01, 1.147719167699373e-02, -3.108063166563839e-01}
			{-4.083355684323257e-02, 6.904397852988964e-01, 1.313251747838050e-01, 2.329056245073542e-01, 6.354539790059319e-01, -2.016817826395080e-01, -6.195077548322460e-02, 4.264963993626187e-02}
alpha_moments_count = 41
alpha_index_basic_count = 25
alpha_index_basic = {{0, 0, 0, 0}, {0, 1, 0, 0}, {0, 0, 1, 0}, {0, 0, 0, 1}, {0, 2, 0, 0}, {0, 1, 1, 0}, {0, 1, 0, 1}, {0, 0, 2, 0}, {0, 0, 1, 1}, {0, 0, 0, 2}, {0, 3, 0, 0}, {0, 2, 1, 0}, {0, 2, 0, 1}, {0, 1, 2, 0}, {0, 1, 1, 1}, {0, 1, 0, 2}, {0, 0, 3, 0}, {0, 0, 2, 1}, {0, 0, 1, 2}, {0, 0, 0, 3}, {1, 0, 0, 0}, {1, 1, 0, 0}, {1, 0, 1, 0}, {1, 0, 0, 1}, {2, 0, 0, 0}}
alpha_index_times_count = 42
alpha_index_times = {{0, 0, 1, 25}, {1, 1, 1, 26}, {2, 2, 1, 26}, {3, 3, 1, 26}, {1, 4, 1, 27}, {2, 5, 1, 27}, {3, 6, 1, 27}, {1, 5, 1, 28}, {2, 7, 1, 28}, {3, 8, 1, 28}, {1, 6, 1, 29}, {2, 8, 1, 29}, {3, 9, 1, 29}, {4, 4, 1, 30}, {5, 5, 2, 30}, {6, 6, 2, 30}, {7, 7, 1, 30}, {8, 8, 2, 30}, {9, 9, 1, 30}, {10, 10, 1, 31}, {11, 11, 3, 31}, {12, 12, 3, 31}, {13, 13, 3, 31}, {14, 14, 6, 31}, {15, 15, 3, 31}, {16, 16, 1, 31}, {17, 17, 3, 31}, {18, 18, 3, 31}, {19, 19, 1, 31}, {0, 20, 1, 32}, {1, 21, 1, 33}, {2, 22, 1, 33}, {3, 23, 1, 33}, {0, 25, 1, 34}, {0, 26, 1, 35}, {0, 30, 1, 36}, {1, 27, 1, 37}, {2, 28, 1, 37}, {3, 29, 1, 37}, {0, 32, 1, 38}, {0, 34, 1, 39}, {0, 35, 1, 40}}
alpha_scalar_moments = 16
alpha_moment_mapping = {0, 20, 24, 25, 26, 30, 31, 32, 33, 34, 35, 36, 37, 38, 39, 40}
species_coeffs = {-3.126537961050496e+00}
moment_coeffs = {4.492786778676863e+00, -2.937032757709332e-01, 1.077140170629867e+00, 1.107203408288864e+01, 1.142998942317663e+00, -2.929088717042279e+00, -9.891933030227481e-01, -2.324089712391773e+00, 1.262390819794017e+00, -1.650534250329647e-01, -2.324064685179629e+00, 6.718379519156759e+00, 1.764326605124043e+00, -5.165462665728483e+00, 3.135461095213668e+00, -5.059635571058570e-02}