MTP
version = 1.1.0
potential_name = MTP1m
scaling = 2.391038219587312e-02
species_count = 1
potential_tag = 
radial_basis_type = RBChebyshev
	min_dist = 2.000000000000000e+00
	max_dist = 5.000000000000000e+00
	radial_basis_size = 8
	radial_funcs_count = 3
	radial_coeffs
		0-0
			{-6.114636192064858e-01, 5.526743625758630e-01, -1.475217480549095e-01, -4.656489168169631e-01, -1.448129454745829e-01, 3.337439564643925e-02, 2.660583535417089e-02, -2.434732032885743e-01}
			{-7.485174681777644e-02, 1.277841503707654e-01, -6.707670716312317e-01, 1.350852962157101e-01, 6.112366860296430e-01, -1.521733792736910e-01, -2.600646327019666e-01, 2.132868668798936e-01}
			{4.962346486882135e-01, 5.242735973359208e-01, 3.056724164916700e-01, -3.126545339746298e-02, 2.833848837014456e-01, -3.205377134118334e-01, -1.751472693594231e-01, -4.132157172759784e-01}
alpha_moments_count = 41
alpha_index_basic_count = 25
alpha_index_basic = {{0, 0, 0, 0}, {0, 1, 0, 0}, {0, 0, 1, 0}, {0, 0, 0, 1}, {0, 2, 0, 0}, {0, 1, 1, 0}, {0, 1, 0, 1}, {0, 0, 2, 0}, {0, 0, 1, 1}, {0, 0, 0, 2}, {0, 3, 0, 0}, {0, 2, 1, 0}, {0, 2, 0, 1}, {0, 1, 2, 0}, {0, 1, 1, 1}, {0, 1, 0, 2}, {0, 0, 3, 0}, {0, 0, 2, 1}, {0, 0, 1, 2}, {0, 0, 0, 3}, {1, 0, 0, 0}, {1, 1, 0, 0}, {1, 0, 1, 0}, {1, 0, 0, 1}, {2, 0, 0, 0}}
alpha_index_times_count = 42
alpha_index_times = {{0, 0, 1, 25}, {1, 1, 1, 26}, {2, 2, 1, 26}, {3, 3, 1, 26}, {1, 4, 1, 27}, {2, 5, 1, 27}, {3, 6, 1, 27}, {1, 5, 1, 28}, {2, 7, 1, 28}, {3, 8, 1, 28}, {1, 6, 1, 29}, {2, 8, 1, 29}, {3, 9, 1, 29}, {4, 4, 1, 30}, {5, 5, 2, 30}, {6, 6, 2, 30}, {7, 7, 1, 30}, {8, 8, 2, 30}, {9, 9, 1, 30}, {10, 10, 1, 31}, {11, 11, 3, 31}, {12, 12, 3, 31}, {13, 13, 3, 31}, {14, 14, 6, 31}, {15, 15, 3, 31}, {16, 16, 1, 31}, {17, 17, 3, 31}, {18, 18, 3, 31}, {19, 19, 1, 31}, {0, 20, 1, 32}, {1, 21, 1, 33}, {2, 22, 1, 33}, {3, 23, 1, 33}, {0, 25, 1, 34}, {0, 26, 1, 35}, {0, 30, 1, 36}, {1, 27, 1, 37}, {2, 28, 1, 37}, {3, 29, 1, 37}, {0, 32, 1, 38}, {0, 34, 1, 39}, {0, 35, 1, 40}}
alpha_scalar_moments = 16
alpha_moment_mapping = {0, 20, 24, 25, 26, 30, 31, 32, 33, 34, 35, 36, 37, 38, 39, 40}
species_coeffs = {-5.563266794202193e+00}
moment_coeffs = {-3.172415076352007e+01, 1.091959922691975e+01, -1.305876935477088e+00, -1.003551626830317e+02, -5.503594193548421e+01, -4.099175825870686e+00, -1.628433360590955e+00, 2.627200121817627e+01, -8.246632331459342e+00, -1.178665580484669e+02, -1.445024543528443e+02, -7.538758435747197e+00, -1.305819545171036e+01, 2.182031707445211e+01, -4.992965822904589e+01, -1.112700798527233e+02}