MTP
version = 1.1.0
potential_name = MTP1m
scaling = 6.490547151887452e-02
species_count = 1
potential_tag = 
radial_basis_type = RBChebyshev
	min_dist = 2.000000000000000e+00
	max_dist = 5.000000000000000e+00
	radial_basis_size = 8
	radial_funcs_count = 3
	radial_coeffs
		0-0
			{3.703419622145338e-01, -3.056377334515671e-01, 3.664404134565551e-01, -4.735399018195686e-01, -3.335209382110702e-01, 1.934893152801060e-02, 1.733700949723588e-01, -5.188892017348091e-01}
			{3.229670951004326e-01, 6.201678011476961e-01, 4.431803391559538e-01, 3.171054053283832e-01, 2.213252332428963e-01, -2.498685124916461e-01, 2.700502269684106e-01, -1.725492524140720e-01}
			{5.185919942225335e-01, 2.509056559434207e-01, -2.792061448692754e-01, 1.583769925311395e-01, -9.081188100183445e-02, 6.155034735600451e-01, -3.872282152817459e-01, -1.674286028194338e-01}
alpha_moments_count = 41
alpha_index_basic_count = 25
alpha_index_basic = {{0, 0, 0, 0}, {0, 1, 0, 0}, {0, 0, 1, 0}, {0, 0, 0, 1}, {0, 2, 0, 0}, {0, 1, 1, 0}, {0, 1, 0, 1}, {0, 0, 2, 0}, {0, 0, 1, 1}, {0, 0, 0, 2}, {0, 3, 0, 0}, {0, 2, 1, 0}, {0, 2, 0, 1}, {0, 1, 2, 0}, {0, 1, 1, 1}, {0, 1, 0, 2}, {0, 0, 3, 0}, {0, 0, 2, 1}, {0, 0, 1, 2}, {0, 0, 0, 3}, {1, 0, 0, 0}, {1, 1, 0, 0}, {1, 0, 1, 0}, {1, 0, 0, 1}, {2, 0, 0, 0}}
alpha_index_times_count = 42
alpha_index_times = {{0, 0, 1, 25}, {1, 1, 1, 26}, {2, 2, 1, 26}, {3, 3, 1, 26}, {1, 4, 1, 27}, {2, 5, 1, 27}, {3, 6, 1, 27}, {1, 5, 1, 28}, {2, 7, 1, 28}, {3, 8, 1, 28}, {1, 6, 1, 29}, {2, 8, 1, 29}, {3, 9, 1, 29}, {4, 4, 1, 30}, {5, 5, 2, 30}, {6, 6, 2, 30}, {7, 7, 1, 30}, {8, 8, 2, 30}, {9, 9, 1, 30}, {10, 10, 1, 31}, {11, 11, 3, 31}, {12, 12, 3, 31}, {13, 13, 3, 31}, {14, 14, 6, 31}, {15, 15, 3, 31}, {16, 16, 1, 31}, {17, 17, 3, 31}, {18, 18, 3, 31}, {19, 19, 1, 31}, {0, 20, 1, 32}, {1, 21, 1, 33}, {2, 22, 1, 33}, {3, 23, 1, 33}, {0, 25, 1, 34}, {0, 26, 1, 35}, {0, 30, 1, 36}, {1, 27, 1, 37}, {2, 28, 1, 37}, {3, 29, 1, 37}, {0, 32, 1, 38}, {0, 34, 1, 39}, {0, 35, 1, 40}}
alpha_scalar_moments = 16
alpha_moment_mapping = {0, 20, 24, 25, 26, 30, 31, 32, 33, 34, 35, 36, 37, 38, 39, 40}
species_coeffs = {-9.003194194665673e+00}
moment_coeffs = {-1.110728918975934e+00, -2.129800209237677e+00, 4.007796361189154e-01, 6.116726552441226e-01, 5.489721353696646e+00, 6.200298309338510e+00, -6.527749387813334e-01, 1.477174848594969e+00, 5.112503599161803e-01, 3.900483616596993e-01, -1.459158217548731e+00, -3.259450296079066e+00, -1.213056975006875e+00, -3.680463416983786e-02, 7.563046018257947e-04, -1.666240286855653e-01}