MTP
version = 1.1.0
potential_name = MTP1m
scaling = 2.845533087773329e-02
species_count = 1
potential_tag = 
radial_basis_type = RBChebyshev
	min_dist = 2.000000000000000e+00
	max_dist = 5.000000000000000e+00
	radial_basis_size = 8
	radial_funcs_count = 3
	radial_coeffs
		0-0
			{-3.859097695821882e-01, 3.875185512808763e-01, 7.103619306323606e-01, 2.704635679603737e-01, -9.800498139307920e-02, -2.538370024406978e-03, -3.252813529427120e-01, -8.785800473561421e-02}
			{4.723940052474299e-01, 7.631345099839695e-02, 1.802816695290468e-01, -5.100533369799397e-01, -3.676881473681970e-01, 2.838466465093233e-01, -2.744680421343878e-01, -4.327448147207824e-01}
			{-2.769704137423949e-01, -2.986865677631323e-01, 1.729901471769780e-01, -3.877587173052492e-01, 4.524513028846058e-01, 5.747380277299823e-01, -1.902789379610628e-01, 2.873138584374316e-01}
alpha_moments_count = 41
alpha_index_basic_count = 25
alpha_index_basic = {{0, 0, 0, 0}, {0, 1, 0, 0}, {0, 0, 1, 0}, {0, 0, 0, 1}, {0, 2, 0, 0}, {0, 1, 1, 0}, {0, 1, 0, 1}, {0, 0, 2, 0}, {0, 0, 1, 1}, {0, 0, 0, 2}, {0, 3, 0, 0}, {0, 2, 1, 0}, {0, 2, 0, 1}, {0, 1, 2, 0}, {0, 1, 1, 1}, {0, 1, 0, 2}, {0, 0, 3, 0}, {0, 0, 2, 1}, {0, 0, 1, 2}, {0, 0, 0, 3}, {1, 0, 0, 0}, {1, 1, 0, 0}, {1, 0, 1, 0}, {1, 0, 0, 1}, {2, 0, 0, 0}}
alpha_index_times_count = 42
alpha_index_times = {{0, 0, 1, 25}, {1, 1, 1, 26}, {2, 2, 1, 26}, {3, 3, 1, 26}, {1, 4, 1, 27}, {2, 5, 1, 27}, {3, 6, 1, 27}, {1, 5, 1, 28}, {2, 7, 1, 28}, {3, 8, 1, 28}, {1, 6, 1, 29}, {2, 8, 1, 29}, {3, 9, 1, 29}, {4, 4, 1, 30}, {5, 5, 2, 30}, {6, 6, 2, 30}, {7, 7, 1, 30}, {8, 8, 2, 30}, {9, 9, 1, 30}, {10, 10, 1, 31}, {11, 11, 3, 31}, {12, 12, 3, 31}, {13, 13, 3, 31}, {14, 14, 6, 31}, {15, 15, 3, 31}, {16, 16, 1, 31}, {17, 17, 3, 31}, {18, 18, 3, 31}, {19, 19, 1, 31}, {0, 20, 1, 32}, {1, 21, 1, 33}, {2, 22, 1, 33}, {3, 23, 1, 33}, {0, 25, 1, 34}, {0, 26, 1, 35}, {0, 30, 1, 36}, {1, 27, 1, 37}, {2, 28, 1, 37}, {3, 29, 1, 37}, {0, 32, 1, 38}, {0, 34, 1, 39}, {0, 35, 1, 40}}
alpha_scalar_moments = 16
alpha_moment_mapping = {0, 20, 24, 25, 26, 30, 31, 32, 33, 34, 35, 36, 37, 38, 39, 40}
species_coeffs = {4.024659590364130e+01}
moment_coeffs = {2.560067036018231e+02, -5.812094096658434e+00, 1.617193144149705e-01, 5.130647815276919e+02, -1.153465086598047e+01, 6.799937966165042e+01, 1.655435592302558e+01, -2.036968928200541e+01, -3.005487379925061e+00, 4.758723366665208e+02, 7.234358658353270e+01, 9.445035232950099e+01, -8.160369125209830e+01, -1.763219632656297e+01, 1.889272118103614e+02, 6.887854834897655e+01}