MTP
version = 1.1.0
potential_name = MTP1m
scaling = 3.156170449855252e-02
species_count = 1
potential_tag = 
radial_basis_type = RBChebyshev
	min_dist = 2.000000000000000e+00
	max_dist = 5.000000000000000e+00
	radial_basis_size = 8
	radial_funcs_count = 3
	radial_coeffs
		0-0
			{-8.370075039616334e-01, 2.594724570658146e-01, -1.978468939277738e-01, -2.286566649485444e-01, 2.385063708558665e-01, -1.990099914506576e-02, -2.396589542799712e-01, -1.610821672361946e-01}
			{3.597404229649621e-01, 1.326200237021245e-01, -7.344880957607616e-01, 2.188123502219062e-01, 4.061040313666354e-01, -1.995578232682998e-01, -1.838684661297000e-01, -1.646077981677376e-01}
			{5.158501667704293e-02, 2.800927479739794e-01, 3.919192624424150e-01, 1.636746824852265e-02, 7.281638264434309e-01, -2.057851483902899e-01, 3.365302649512701e-01, 2.814173605689889e-01}
alpha_moments_count = 41
alpha_index_basic_count = 25
alpha_index_basic = {{0, 0, 0, 0}, {0, 1, 0, 0}, {0, 0, 1, 0}, {0, 0, 0, 1}, {0, 2, 0, 0}, {0, 1, 1, 0}, {0, 1, 0, 1}, {0, 0, 2, 0}, {0, 0, 1, 1}, {0, 0, 0, 2}, {0, 3, 0, 0}, {0, 2, 1, 0}, {0, 2, 0, 1}, {0, 1, 2, 0}, {0, 1, 1, 1}, {0, 1, 0, 2}, {0, 0, 3, 0}, {0, 0, 2, 1}, {0, 0, 1, 2}, {0, 0, 0, 3}, {1, 0, 0, 0}, {1, 1, 0, 0}, {1, 0, 1, 0}, {1, 0, 0, 1}, {2, 0, 0, 0}}
alpha_index_times_count = 42
alpha_index_times = {{0, 0, 1, 25}, {1, 1, 1, 26}, {2, 2, 1, 26}, {3, 3, 1, 26}, {1, 4, 1, 27}, {2, 5, 1, 27}, {3, 6, 1, 27}, {1, 5, 1, 28}, {2, 7, 1, 28}, {3, 8, 1, 28}, {1, 6, 1, 29}, {2, 8, 1, 29}, {3, 9, 1, 29}, {4, 4, 1, 30}, {5, 5, 2, 30}, {6, 6, 2, 30}, {7, 7, 1, 30}, {8, 8, 2, 30}, {9, 9, 1, 30}, {10, 10, 1, 31}, {11, 11, 3, 31}, {12, 12, 3, 31}, {13, 13, 3, 31}, {14, 14, 6, 31}, {15, 15, 3, 31}, {16, 16, 1, 31}, {17, 17, 3, 31}, {18, 18, 3, 31}, {19, 19, 1, 31}, {0, 20, 1, 32}, {1, 21, 1, 33}, {2, 22, 1, 33}, {3, 23, 1, 33}, {0, 25, 1, 34}, {0, 26, 1, 35}, {0, 30, 1, 36}, {1, 27, 1, 37}, {2, 28, 1, 37}, {3, 29, 1, 37}, {0, 32, 1, 38}, {0, 34, 1, 39}, {0, 35, 1, 40}}
alpha_scalar_moments = 16
alpha_moment_mapping = {0, 20, 24, 25, 26, 30, 31, 32, 33, 34, 35, 36, 37, 38, 39, 40}
species_coeffs = {-1.412856212779907e+02}
moment_coeffs = {-2.109419950884702e+02, 5.603845413078032e+01, 5.314742348660778e-01, -1.017537446686951e+01, -1.644483856998856e+03, 3.236379977665343e+01, -1.005475945452695e+00, 8.720952723556435e+01, -3.252254626044349e+00, 1.194885001346312e+02, -2.575768143891751e+03, 2.069157290911943e+01, 3.510505683484401e+01, 3.407494723253321e+01, 4.870015995943525e+01, -9.983253340217748e+02}