MTP
version = 1.1.0
potential_name = MTP1m
scaling = 3.725061496721448e-02
species_count = 1
potential_tag = 
radial_basis_type = RBChebyshev
	min_dist = 2.000000000000000e+00
	max_dist = 5.000000000000000e+00
	radial_basis_size = 8
	radial_funcs_count = 3
	radial_coeffs
		0-0
			{2.335858881406812e-01, -6.188772087660352e-01, -6.194649823791130e-01, -2.653494373248589e-01, -9.603970089987635e-02, -2.333748468316193e-01, -1.182638333784298e-01, -1.749504692218229e-01}
			{-3.641878014673069e-01, 3.310855206822751e-01, -4.895030581414499e-01, -2.878571936564975e-01, 1.059474488995848e-01, -9.457952669290508e-02, 6.245626077239700e-01, 1.581961277104488e-01}
			{1.398062366919818e-01, -2.059767347373353e-02, -1.499682981589518e-01, 5.694112275053234e-01, -6.832516051471218e-01, 9.237898013090809e-02, 3.884737024309513e-01, -8.385621850004489e-02}
alpha_moments_count = 41
alpha_index_basic_count = 25
alpha_index_basic = {{0, 0, 0, 0}, {0, 1, 0, 0}, {0, 0, 1, 0}, {0, 0, 0, 1}, {0, 2, 0, 0}, {0, 1, 1, 0}, {0, 1, 0, 1}, {0, 0, 2, 0}, {0, 0, 1, 1}, {0, 0, 0, 2}, {0, 3, 0, 0}, {0, 2, 1, 0}, {0, 2, 0, 1}, {0, 1, 2, 0}, {0, 1, 1, 1}, {0, 1, 0, 2}, {0, 0, 3, 0}, {0, 0, 2, 1}, {0, 0, 1, 2}, {0, 0, 0, 3}, {1, 0, 0, 0}, {1, 1, 0, 0}, {1, 0, 1, 0}, {1, 0, 0, 1}, {2, 0, 0, 0}}
alpha_index_times_count = 42
alpha_index_times = {{0, 0, 1, 25}, {1, 1, 1, 26}, {2, 2, 1, 26}, {3, 3, 1, 26}, {1, 4, 1, 27}, {2, 5, 1, 27}, {3, 6, 1, 27}, {1, 5, 1, 28}, {2, 7, 1, 28}, {3, 8, 1, 28}, {1, 6, 1, 29}, {2, 8, 1, 29}, {3, 9, 1, 29}, {4, 4, 1, 30}, {5, 5, 2, 30}, {6, 6, 2, 30}, {7, 7, 1, 30}, {8, 8, 2, 30}, {9, 9, 1, 30}, {10, 10, 1, 31}, {11, 11, 3, 31}, {12, 12, 3, 31}, {13, 13, 3, 31}, {14, 14, 6, 31}, {15, 15, 3, 31}, {16, 16, 1, 31}, {17, 17, 3, 31}, {18, 18, 3, 31}, {19, 19, 1, 31}, {0, 20, 1, 32}, {1, 21, 1, 33}, {2, 22, 1, 33}, {3, 23, 1, 33}, {0, 25, 1, 34}, {0, 26, 1, 35}, {0, 30, 1, 36}, {1, 27, 1, 37}, {2, 28, 1, 37}, {3, 29, 1, 37}, {0, 32, 1, 38}, {0, 34, 1, 39}, {0, 35, 1, 40}}
alpha_scalar_moments = 16
alpha_moment_mapping = {0, 20, 24, 25, 26, 30, 31, 32, 33, 34, 35, 36, 37, 38, 39, 40}
species_coeffs = {2.767196785628765e+01}
moment_coeffs = {-1.550445811024462e+02, -2.052811926911073e+00, -3.784585031210149e-01, 2.750215988306098e+02, -9.439209640538168e+01, 1.915776576089101e+01, -5.469762930396791e+00, 6.710792888568299e+00, -2.484096637032521e+00, -2.181481576477131e+02, 2.073787073242894e+02, -1.677856210076721e+01, 2.764198558542159e+01, -4.031441144147608e+00, 6.575465523971583e+01, -1.176780711869170e+02}