MTP
version = 1.1.0
potential_name = MTP1m
scaling = 1.468232571725871e-01
species_count = 1
potential_tag = 
radial_basis_type = RBChebyshev
	min_dist = 2.000000000000000e+00
	max_dist = 5.000000000000000e+00
	radial_basis_size = 8
	radial_funcs_count = 3
	radial_coeffs
		0-0
			{-1.281481735153134e-01, 8.896976639156795e-01, 1.432369880478691e-01, -2.359803073984663e-02, -1.898287291818179e-01, 2.599651344003927e-01, 7.804044951953239e-02, 2.474576338689894e-01}
			{-1.494288600282924e-01, 2.366330803929000e-01, -9.095888437255034e-03, -4.160059082959756e-02, 2.578342320230941e-01, -5.786684628991193e-01, 6.430937155325607e-01, -3.239710601213255e-01}
			{-2.094156892315295e-01, 3.096705506944590e-02, -5.273691154016977e-01, -5.828607278819542e-01, 4.831946420585586e-01, 1.116235582878294e-01, -4.814052709388177e-02, 2.984742980384525e-01}
alpha_moments_count = 41
alpha_index_basic_count = 25
alpha_index_basic = {{0, 0, 0, 0}, {0, 1, 0, 0}, {0, 0, 1, 0}, {0, 0, 0, 1}, {0, 2, 0, 0}, {0, 1, 1, 0}, {0, 1, 0, 1}, {0, 0, 2, 0}, {0, 0, 1, 1}, {0, 0, 0, 2}, {0, 3, 0, 0}, {0, 2, 1, 0}, {0, 2, 0, 1}, {0, 1, 2, 0}, {0, 1, 1, 1}, {0, 1, 0, 2}, {0, 0, 3, 0}, {0, 0, 2, 1}, {0, 0, 1, 2}, {0, 0, 0, 3}, {1, 0, 0, 0}, {1, 1, 0, 0}, {1, 0, 1, 0}, {1, 0, 0, 1}, {2, 0, 0, 0}}
alpha_index_times_count = 42
alpha_index_times = {{0, 0, 1, 25}, {1, 1, 1, 26}, {2, 2, 1, 26}, {3, 3, 1, 26}, {1, 4, 1, 27}, {2, 5, 1, 27}, {3, 6, 1, 27}, {1, 5, 1, 28}, {2, 7, 1, 28}, {3, 8, 1, 28}, {1, 6, 1, 29}, {2, 8, 1, 29}, {3, 9, 1, 29}, {4, 4, 1, 30}, {5, 5, 2, 30}, {6, 6, 2, 30}, {7, 7, 1, 30}, {8, 8, 2, 30}, {9, 9, 1, 30}, {10, 10, 1, 31}, {11, 11, 3, 31}, {12, 12, 3, 31}, {13, 13, 3, 31}, {14, 14, 6, 31}, {15, 15, 3, 31}, {16, 16, 1, 31}, {17, 17, 3, 31}, {18, 18, 3, 31}, {19, 19, 1, 31}, {0, 20, 1, 32}, {1, 21, 1, 33}, {2, 22, 1, 33}, {3, 23, 1, 33}, {0, 25, 1, 34}, {0, 26, 1, 35}, {0, 30, 1, 36}, {1, 27, 1, 37}, {2, 28, 1, 37}, {3, 29, 1, 37}, {0, 32, 1, 38}, {0, 34, 1, 39}, {0, 35, 1, 40}}
alpha_scalar_moments = 16
alpha_moment_mapping = {0, 20, 24, 25, 26, 30, 31, 32, 33, 34, 35, 36, 37, 38, 39, 40}
species_coeffs = {6.962337422112558e+00}
moment_coeffs = {1.897787002420455e+01, 3.543078752876737e-01, 1.846427158052573e-01, 1.208643827346819e+01, 7.922770226449315e+00, 4.450133798526953e-02, -1.547338037849722e-01, 2.667747594082099e-01, 6.604101633405632e-02, 3.472042016305018e+00, 7.898414273141717e+00, -1.463982767587676e-02, 7.653894348454750e-02, 7.107580181227717e-02, 3.833598422647022e-01, 2.062657750310373e+00}