MTP
version = 1.1.0
potential_name = MTP1m
scaling = 1.646720536905862e-02
species_count = 1
potential_tag = 
radial_basis_type = RBChebyshev
	min_dist = 2.000000000000000e+00
	max_dist = 5.000000000000000e+00
	radial_basis_size = 8
	radial_funcs_count = 3
	radial_coeffs
		0-0
			{-1.676008811692148e-01, 6.984891521307088e-01, -6.183910565857330e-01, -1.637072013393079e-02, 2.115149051846868e-01, -1.607029832029786e-01, 1.742739260635512e-01, -2.029639408553822e-02}
			{-2.643126974848779e-01, 4.797333836364052e-02, -1.256313912760885e-01, -2.470058285053889e-02, -2.808639401595848e-01, 2.926887791124926e-02, -6.060699104482586e-01, -6.814558197275026e-01}
			{-1.954630926171346e-01, 1.034531848053858e-01, 3.949461364431669e-01, 1.417455771507345e-01, 7.869744796664114e-01, -2.052335351652034e-01, -3.357087938122479e-01, -2.945043292531951e-02}
alpha_moments_count = 41
alpha_index_basic_count = 25
alpha_index_basic = {{0, 0, 0, 0}, {0, 1, 0, 0}, {0, 0, 1, 0}, {0, 0, 0, 1}, {0, 2, 0, 0}, {0, 1, 1, 0}, {0, 1, 0, 1}, {0, 0, 2, 0}, {0, 0, 1, 1}, {0, 0, 0, 2}, {0, 3, 0, 0}, {0, 2, 1, 0}, {0, 2, 0, 1}, {0, 1, 2, 0}, {0, 1, 1, 1}, {0, 1, 0, 2}, {0, 0, 3, 0}, {0, 0, 2, 1}, {0, 0, 1, 2}, {0, 0, 0, 3}, {1, 0, 0, 0}, {1, 1, 0, 0}, {1, 0, 1, 0}, {1, 0, 0, 1}, {2, 0, 0, 0}}
alpha_index_times_count = 42
alpha_index_times = {{0, 0, 1, 25}, {1, 1, 1, 26}, {2, 2, 1, 26}, {3, 3, 1, 26}, {1, 4, 1, 27}, {2, 5, 1, 27}, {3, 6, 1, 27}, {1, 5, 1, 28}, {2, 7, 1, 28}, {3, 8, 1, 28}, {1, 6, 1, 29}, {2, 8, 1, 29}, {3, 9, 1, 29}, {4, 4, 1, 30}, {5, 5, 2, 30}, {6, 6, 2, 30}, {7, 7, 1, 30}, {8, 8, 2, 30}, {9, 9, 1, 30}, {10, 10, 1, 31}, {11, 11, 3, 31}, {12, 12, 3, 31}, {13, 13, 3, 31}, {14, 14, 6, 31}, {15, 15, 3, 31}, {16, 16, 1, 31}, {17, 17, 3, 31}, {18, 18, 3, 31}, {19, 19, 1, 31}, {0, 20, 1, 32}, {1, 21, 1, 33}, {2, 22, 1, 33}, {3, 23, 1, 33}, {0, 25, 1, 34}, {0, 26, 1, 35}, {0, 30, 1, 36}, {1, 27, 1, 37}, {2, 28, 1, 37}, {3, 29, 1, 37}, {0, 32, 1, 38}, {0, 34, 1, 39}, {0, 35, 1, 40}}
alpha_scalar_moments = 16
alpha_moment_mapping = {0, 20, 24, 25, 26, 30, 31, 32, 33, 34, 35, 36, 37, 38, 39, 40}
species_coeffs = {-3.977603336915772e+00}
moment_coeffs = {5.181394074803860e-01, -1.491356253948043e+00, 1.299546715230135e+00, -7.905405526194240e+00, -1.243093248172475e+01, 6.032051757791258e+00, 6.980715898230614e-01, -4.342052246215943e+00, -2.353242511158978e+00, -1.166758812389212e+01, -6.328090402788351e+00, 5.388584475676863e+00, -1.402834430784119e+01, -3.720365117589335e+00, -6.048521593577519e+00, 1.646418204631007e+01}