MTP
version = 1.1.0
potential_name = MTP1m
scaling = 1.633111276270275e-02
species_count = 1
potential_tag = 
radial_basis_type = RBChebyshev
	min_dist = 2.000000000000000e+00
	max_dist = 5.000000000000000e+00
	radial_basis_size = 8
	radial_funcs_count = 3
	radial_coeffs
		0-0
			{5.366677819695334e-01, -5.162022534636179e-01, 4.301112221427680e-01, 1.719047721084715e-01, -3.808874010986249e-01, 1.072050933634606e-01, 2.725193400878981e-01, 1.187751436525575e-02}
			{-1.337820917036019e-01, 4.988621154994782e-01, -7.092206014181854e-02, 4.778427901968362e-01, -6.422345994886196e-01, -1.192252090994680e-01, 1.770991989366087e-01, -2.045268015978078e-01}
			{-4.005988755155495e-01, -4.860549359988879e-01, -3.472784226545902e-01, 4.365519257128894e-02, 7.142440669525395e-02, -4.435959755660685e-02, 5.254303850753476e-01, -4.445410569557290e-01}
alpha_moments_count = 41
alpha_index_basic_count = 25
alpha_index_basic = {{0, 0, 0, 0}, {0, 1, 0, 0}, {0, 0, 1, 0}, {0, 0, 0, 1}, {0, 2, 0, 0}, {0, 1, 1, 0}, {0, 1, 0, 1}, {0, 0, 2, 0}, {0, 0, 1, 1}, {0, 0, 0, 2}, {0, 3, 0, 0}, {0, 2, 1, 0}, {0, 2, 0, 1}, {0, 1, 2, 0}, {0, 1, 1, 1}, {0, 1, 0, 2}, {0, 0, 3, 0}, {0, 0, 2, 1}, {0, 0, 1, 2}, {0, 0, 0, 3}, {1, 0, 0, 0}, {1, 1, 0, 0}, {1, 0, 1, 0}, {1, 0, 0, 1}, {2, 0, 0, 0}}
alpha_index_times_count = 42
alpha_index_times = {{0, 0, 1, 25}, {1, 1, 1, 26}, {2, 2, 1, 26}, {3, 3, 1, 26}, {1, 4, 1, 27}, {2, 5, 1, 27}, {3, 6, 1, 27}, {1, 5, 1, 28}, {2, 7, 1, 28}, {3, 8, 1, 28}, {1, 6, 1, 29}, {2, 8, 1, 29}, {3, 9, 1, 29}, {4, 4, 1, 30}, {5, 5, 2, 30}, {6, 6, 2, 30}, {7, 7, 1, 30}, {8, 8, 2, 30}, {9, 9, 1, 30}, {10, 10, 1, 31}, {11, 11, 3, 31}, {12, 12, 3, 31}, {13, 13, 3, 31}, {14, 14, 6, 31}, {15, 15, 3, 31}, {16, 16, 1, 31}, {17, 17, 3, 31}, {18, 18, 3, 31}, {19, 19, 1, 31}, {0, 20, 1, 32}, {1, 21, 1, 33}, {2, 22, 1, 33}, {3, 23, 1, 33}, {0, 25, 1, 34}, {0, 26, 1, 35}, {0, 30, 1, 36}, {1, 27, 1, 37}, {2, 28, 1, 37}, {3, 29, 1, 37}, {0, 32, 1, 38}, {0, 34, 1, 39}, {0, 35, 1, 40}}
alpha_scalar_moments = 16
alpha_moment_mapping = {0, 20, 24, 25, 26, 30, 31, 32, 33, 34, 35, 36, 37, 38, 39, 40}
species_coeffs = {4.526783588299501e+01}
moment_coeffs = {-1.672068223368969e+02, 1.370608861619076e+01, 3.436965253450113e-01, 1.175736756112265e+01, -6.465028552533508e+01, 2.120189127985734e+01, -9.656169565985914e+00, -4.678117273907745e+01, 5.495693186008686e+00, 4.199785345923293e+02, 1.952288404160585e+02, -2.751770574299250e+01, -5.455028251877341e+00, 3.913863784942676e+01, -3.469129651718290e+02, -1.351668991193912e+02}