MTP
version = 1.1.0
potential_name = MTP1m
scaling = 3.787404539826302e-02
species_count = 1
potential_tag = 
radial_basis_type = RBChebyshev
	min_dist = 2.000000000000000e+00
	max_dist = 5.000000000000000e+00
	radial_basis_size = 8
	radial_funcs_count = 3
	radial_coeffs
		0-0
			{-2.151029722856562e-01, 6.087164773710856e-01, -4.807719820630722e-01, 2.501221914363778e-01, 4.646986438520231e-01, 2.543829850509450e-01, 8.721521103236030e-02, -3.507314625556328e-02}
			{6.561480874307994e-01, 2.555030453197189e-01, 4.077842664249453e-01, 1.758435506297880e-01, 1.695322586492459e-01, 6.997266234081152e-02, 5.125986776268406e-01, 1.028793159428575e-01}
			{1.650897584347861e-01, 4.187398461078807e-01, 3.620487853367175e-01, -1.638932193584544e-01, -7.395470975301111e-02, 2.370728329069694e-01, -5.556339892033290e-01, -5.187099812716429e-01}
alpha_moments_count = 41
alpha_index_basic_count = 25
alpha_index_basic = {{0, 0, 0, 0}, {0, 1, 0, 0}, {0, 0, 1, 0}, {0, 0, 0, 1}, {0, 2, 0, 0}, {0, 1, 1, 0}, {0, 1, 0, 1}, {0, 0, 2, 0}, {0, 0, 1, 1}, {0, 0, 0, 2}, {0, 3, 0, 0}, {0, 2, 1, 0}, {0, 2, 0, 1}, {0, 1, 2, 0}, {0, 1, 1, 1}, {0, 1, 0, 2}, {0, 0, 3, 0}, {0, 0, 2, 1}, {0, 0, 1, 2}, {0, 0, 0, 3}, {1, 0, 0, 0}, {1, 1, 0, 0}, {1, 0, 1, 0}, {1, 0, 0, 1}, {2, 0, 0, 0}}
alpha_index_times_count = 42
alpha_index_times = {{0, 0, 1, 25}, {1, 1, 1, 26}, {2, 2, 1, 26}, {3, 3, 1, 26}, {1, 4, 1, 27}, {2, 5, 1, 27}, {3, 6, 1, 27}, {1, 5, 1, 28}, {2, 7, 1, 28}, {3, 8, 1, 28}, {1, 6, 1, 29}, {2, 8, 1, 29}, {3, 9, 1, 29}, {4, 4, 1, 30}, {5, 5, 2, 30}, {6, 6, 2, 30}, {7, 7, 1, 30}, {8, 8, 2, 30}, {9, 9, 1, 30}, {10, 10, 1, 31}, {11, 11, 3, 31}, {12, 12, 3, 31}, {13, 13, 3, 31}, {14, 14, 6, 31}, {15, 15, 3, 31}, {16, 16, 1, 31}, {17, 17, 3, 31}, {18, 18, 3, 31}, {19, 19, 1, 31}, {0, 20, 1, 32}, {1, 21, 1, 33}, {2, 22, 1, 33}, {3, 23, 1, 33}, {0, 25, 1, 34}, {0, 26, 1, 35}, {0, 30, 1, 36}, {1, 27, 1, 37}, {2, 28, 1, 37}, {3, 29, 1, 37}, {0, 32, 1, 38}, {0, 34, 1, 39}, {0, 35, 1, 40}}
alpha_scalar_moments = 16
alpha_moment_mapping = {0, 20, 24, 25, 26, 30, 31, 32, 33, 34, 35, 36, 37, 38, 39, 40}
species_coeffs = {-9.489512817388491e+00}
moment_coeffs = {-1.837419901575479e+01, 5.160415271525594e+00, -2.146488538240834e-01, -2.984190022063498e+01, 3.555411755388230e-01, 2.684934196472024e+00, 1.337268090064163e+00, 1.750240338186286e+01, -1.892273168779738e-01, -1.790921238142806e+01, 2.092269505580339e+00, 2.474646563569478e-01, -3.536888787980930e-01, 1.530983638001521e+01, -3.839686470675550e+00, 3.549497531404687e-01}