MTP
version = 1.1.0
potential_name = MTP1m
scaling = 2.845533087773330e-02
species_count = 1
potential_tag = 
radial_basis_type = RBChebyshev
	min_dist = 2.000000000000000e+00
	max_dist = 5.000000000000000e+00
	radial_basis_size = 8
	radial_funcs_count = 3
	radial_coeffs
		0-0
			{-4.537575162995281e-01, -1.400459298647268e-01, 7.145455258936179e-01, -2.790242134932589e-01, -7.902274833450201e-02, 6.344171769988931e-02, -2.189884903984768e-01, 3.575416445868014e-01}
			{-4.538192804896019e-01, 1.091377334735588e-01, -6.222236385247061e-01, -1.556136027271387e-01, -3.073441466885920e-01, 3.203871368920990e-01, -3.179642176728076e-01, 2.693502916010580e-01}
			{-1.414473059159566e-01, -3.239840551380007e-01, -2.135294240815301e-01, -5.077010473336577e-01, 4.543678421262524e-01, 1.234390048930588e-01, 5.715479278047988e-01, 1.527005723229512e-01}
alpha_moments_count = 41
alpha_index_basic_count = 25
alpha_index_basic = {{0, 0, 0, 0}, {0, 1, 0, 0}, {0, 0, 1, 0}, {0, 0, 0, 1}, {0, 2, 0, 0}, {0, 1, 1, 0}, {0, 1, 0, 1}, {0, 0, 2, 0}, {0, 0, 1, 1}, {0, 0, 0, 2}, {0, 3, 0, 0}, {0, 2, 1, 0}, {0, 2, 0, 1}, {0, 1, 2, 0}, {0, 1, 1, 1}, {0, 1, 0, 2}, {0, 0, 3, 0}, {0, 0, 2, 1}, {0, 0, 1, 2}, {0, 0, 0, 3}, {1, 0, 0, 0}, {1, 1, 0, 0}, {1, 0, 1, 0}, {1, 0, 0, 1}, {2, 0, 0, 0}}
alpha_index_times_count = 42
alpha_index_times = {{0, 0, 1, 25}, {1, 1, 1, 26}, {2, 2, 1, 26}, {3, 3, 1, 26}, {1, 4, 1, 27}, {2, 5, 1, 27}, {3, 6, 1, 27}, {1, 5, 1, 28}, {2, 7, 1, 28}, {3, 8, 1, 28}, {1, 6, 1, 29}, {2, 8, 1, 29}, {3, 9, 1, 29}, {4, 4, 1, 30}, {5, 5, 2, 30}, {6, 6, 2, 30}, {7, 7, 1, 30}, {8, 8, 2, 30}, {9, 9, 1, 30}, {10, 10, 1, 31}, {11, 11, 3, 31}, {12, 12, 3, 31}, {13, 13, 3, 31}, {14, 14, 6, 31}, {15, 15, 3, 31}, {16, 16, 1, 31}, {17, 17, 3, 31}, {18, 18, 3, 31}, {19, 19, 1, 31}, {0, 20, 1, 32}, {1, 21, 1, 33}, {2, 22, 1, 33}, {3, 23, 1, 33}, {0, 25, 1, 34}, {0, 26, 1, 35}, {0, 30, 1, 36}, {1, 27, 1, 37}, {2, 28, 1, 37}, {3, 29, 1, 37}, {0, 32, 1, 38}, {0, 34, 1, 39}, {0, 35, 1, 40}}
alpha_scalar_moments = 16
alpha_moment_mapping = {0, 20, 24, 25, 26, 30, 31, 32, 33, 34, 35, 36, 37, 38, 39, 40}
species_coeffs = {-3.520847870289049e+00}
moment_coeffs = {4.964739992253152e+00, -1.966739196565734e+00, 1.784558603958091e+00, 5.763105120297062e+00, -2.102512072204402e+00, 2.522569412934834e+00, -4.359108457373509e-01, -1.030797218162191e+01, 1.987445711419018e-01, 6.742978677641733e-01, -4.355723217808103e+00, 3.108748741830884e+00, 4.570282308426702e-01, -9.222204235373201e+00, -1.172575934769269e+00, -2.572469568286307e+00}