MTP
version = 1.1.0
potential_name = MTP1m
scaling = 3.104217913934541e-02
species_count = 1
potential_tag = 
radial_basis_type = RBChebyshev
	min_dist = 2.000000000000000e+00
	max_dist = 5.000000000000000e+00
	radial_basis_size = 8
	radial_funcs_count = 3
	radial_coeffs
		0-0
			{-1.986988828090947e-01, -1.757786960232841e-01, -2.243833683471450e-01, -5.057866212877117e-02, 6.531740010939540e-01, -2.572956772950902e-01, -5.954914058681633e-01, 1.710764461244136e-01}
			{-4.434546625797688e-01, 5.680113337503349e-01, 1.746442287935437e-01, 1.482636258014452e-01, 4.170865915400490e-02, -5.389151827331916e-01, 2.566211727086138e-01, 2.649618162483569e-01}
			{2.390230266051337e-01, 1.519478799052537e-01, 5.352717602764111e-03, -4.475909103636335e-01, 4.697647358834418e-01, -2.255439377879456e-01, 3.625004468620767e-01, -5.625460071773699e-01}
alpha_moments_count = 41
alpha_index_basic_count = 25
alpha_index_basic = {{0, 0, 0, 0}, {0, 1, 0, 0}, {0, 0, 1, 0}, {0, 0, 0, 1}, {0, 2, 0, 0}, {0, 1, 1, 0}, {0, 1, 0, 1}, {0, 0, 2, 0}, {0, 0, 1, 1}, {0, 0, 0, 2}, {0, 3, 0, 0}, {0, 2, 1, 0}, {0, 2, 0, 1}, {0, 1, 2, 0}, {0, 1, 1, 1}, {0, 1, 0, 2}, {0, 0, 3, 0}, {0, 0, 2, 1}, {0, 0, 1, 2}, {0, 0, 0, 3}, {1, 0, 0, 0}, {1, 1, 0, 0}, {1, 0, 1, 0}, {1, 0, 0, 1}, {2, 0, 0, 0}}
alpha_index_times_count = 42
alpha_index_times = {{0, 0, 1, 25}, {1, 1, 1, 26}, {2, 2, 1, 26}, {3, 3, 1, 26}, {1, 4, 1, 27}, {2, 5, 1, 27}, {3, 6, 1, 27}, {1, 5, 1, 28}, {2, 7, 1, 28}, {3, 8, 1, 28}, {1, 6, 1, 29}, {2, 8, 1, 29}, {3, 9, 1, 29}, {4, 4, 1, 30}, {5, 5, 2, 30}, {6, 6, 2, 30}, {7, 7, 1, 30}, {8, 8, 2, 30}, {9, 9, 1, 30}, {10, 10, 1, 31}, {11, 11, 3, 31}, {12, 12, 3, 31}, {13, 13, 3, 31}, {14, 14, 6, 31}, {15, 15, 3, 31}, {16, 16, 1, 31}, {17, 17, 3, 31}, {18, 18, 3, 31}, {19, 19, 1, 31}, {0, 20, 1, 32}, {1, 21, 1, 33}, {2, 22, 1, 33}, {3, 23, 1, 33}, {0, 25, 1, 34}, {0, 26, 1, 35}, {0, 30, 1, 36}, {1, 27, 1, 37}, {2, 28, 1, 37}, {3, 29, 1, 37}, {0, 32, 1, 38}, {0, 34, 1, 39}, {0, 35, 1, 40}}
alpha_scalar_moments = 16
alpha_moment_mapping = {0, 20, 24, 25, 26, 30, 31, 32, 33, 34, 35, 36, 37, 38, 39, 40}
species_coeffs = {-3.318835637125329e+00}
moment_coeffs = {4.102731463828198e+00, 7.866519557086210e-01, 5.462852155820594e-01, -1.748035732196134e-01, -6.926548781504276e+00, 4.209463413503641e+00, -1.121387316196035e+00, 2.227712773562394e+00, 1.332467912031266e+00, -9.301929139242215e+00, -2.199311042085021e+01, 8.291558443945300e+00, -6.796148748475302e-01, 2.713830810139580e+00, -3.501687404426280e+00, -1.520850236744980e+01}