MTP
version = 1.1.0
potential_name = MTP1m
scaling = 3.756103675860795e-02
species_count = 1
potential_tag = 
radial_basis_type = RBChebyshev
	min_dist = 2.000000000000000e+00
	max_dist = 5.000000000000000e+00
	radial_basis_size = 8
	radial_funcs_count = 3
	radial_coeffs
		0-0
			{1.409849244133381e-01, 5.319264718285656e-01, -7.064622183152558e-01, 1.546384376139693e-01, 3.240112483961514e-01, 1.999298058324706e-01, 1.565133854851909e-01, 6.873070913427284e-02}
			{-4.934617361970312e-01, 6.485243524765914e-02, -3.326950277139005e-01, 1.336084969452832e-01, -1.276323492239617e-01, -5.829718901114820e-01, -1.892921027917461e-01, -4.814298727981333e-01}
			{-1.649679091096668e-01, 5.708007046332645e-01, 2.931784601547328e-01, 1.141780997732800e-01, -2.578620003176751e-01, -3.904722687712431e-01, 2.190027462057352e-01, 5.301493082658583e-01}
alpha_moments_count = 41
alpha_index_basic_count = 25
alpha_index_basic = {{0, 0, 0, 0}, {0, 1, 0, 0}, {0, 0, 1, 0}, {0, 0, 0, 1}, {0, 2, 0, 0}, {0, 1, 1, 0}, {0, 1, 0, 1}, {0, 0, 2, 0}, {0, 0, 1, 1}, {0, 0, 0, 2}, {0, 3, 0, 0}, {0, 2, 1, 0}, {0, 2, 0, 1}, {0, 1, 2, 0}, {0, 1, 1, 1}, {0, 1, 0, 2}, {0, 0, 3, 0}, {0, 0, 2, 1}, {0, 0, 1, 2}, {0, 0, 0, 3}, {1, 0, 0, 0}, {1, 1, 0, 0}, {1, 0, 1, 0}, {1, 0, 0, 1}, {2, 0, 0, 0}}
alpha_index_times_count = 42
alpha_index_times = {{0, 0, 1, 25}, {1, 1, 1, 26}, {2, 2, 1, 26}, {3, 3, 1, 26}, {1, 4, 1, 27}, {2, 5, 1, 27}, {3, 6, 1, 27}, {1, 5, 1, 28}, {2, 7, 1, 28}, {3, 8, 1, 28}, {1, 6, 1, 29}, {2, 8, 1, 29}, {3, 9, 1, 29}, {4, 4, 1, 30}, {5, 5, 2, 30}, {6, 6, 2, 30}, {7, 7, 1, 30}, {8, 8, 2, 30}, {9, 9, 1, 30}, {10, 10, 1, 31}, {11, 11, 3, 31}, {12, 12, 3, 31}, {13, 13, 3, 31}, {14, 14, 6, 31}, {15, 15, 3, 31}, {16, 16, 1, 31}, {17, 17, 3, 31}, {18, 18, 3, 31}, {19, 19, 1, 31}, {0, 20, 1, 32}, {1, 21, 1, 33}, {2, 22, 1, 33}, {3, 23, 1, 33}, {0, 25, 1, 34}, {0, 26, 1, 35}, {0, 30, 1, 36}, {1, 27, 1, 37}, {2, 28, 1, 37}, {3, 29, 1, 37}, {0, 32, 1, 38}, {0, 34, 1, 39}, {0, 35, 1, 40}}
alpha_scalar_moments = 16
alpha_moment_mapping = {0, 20, 24, 25, 26, 30, 31, 32, 33, 34, 35, 36, 37, 38, 39, 40}
species_coeffs = {-5.292759579496727e+00}
moment_coeffs = {9.978418539857202e-01, 6.380597276449321e-02, 1.354458574520293e-01, -6.599470429928113e-01, -5.676540264728355e-01, 3.843685495999394e+00, 2.234266677441114e+00, 8.862996288731619e-01, 3.249140399984883e-01, -5.476862720168797e-01, -1.198944261677601e-01, 8.530270213131225e-01, -1.990007981580563e+00, 1.622526733006228e-01, 8.316934513937467e-02, -4.548175305886371e+00}