MTP
version = 1.1.0
potential_name = MTP1m
scaling = 1.480467843156920e-01
species_count = 1
potential_tag = 
radial_basis_type = RBChebyshev
	min_dist = 2.000000000000000e+00
	max_dist = 5.000000000000000e+00
	radial_basis_size = 8
	radial_funcs_count = 3
	radial_coeffs
		0-0
			{-5.571182699233768e-02, -8.216606881542546e-01, 1.626982688305157e-01, 7.120580742337543e-02, -1.593786073362942e-01, -3.138708559903690e-01, 1.244639031546672e-01, 3.883570438124088e-01}
			{-1.710847255070684e-01, -1.832154291434800e-01, -7.068412579868533e-01, -2.739080195206736e-01, -2.972741147730619e-02, -3.842552782212195e-02, -5.945714369666236e-01, 8.146484784041144e-02}
			{2.529952235545257e-01, 3.151794408274556e-01, 3.553949401266567e-01, 1.775071984663624e-01, 2.706995988844154e-02, -4.167783382213515e-01, -5.956105312568432e-01, 3.868489321173184e-01}
alpha_moments_count = 41
alpha_index_basic_count = 25
alpha_index_basic = {{0, 0, 0, 0}, {0, 1, 0, 0}, {0, 0, 1, 0}, {0, 0, 0, 1}, {0, 2, 0, 0}, {0, 1, 1, 0}, {0, 1, 0, 1}, {0, 0, 2, 0}, {0, 0, 1, 1}, {0, 0, 0, 2}, {0, 3, 0, 0}, {0, 2, 1, 0}, {0, 2, 0, 1}, {0, 1, 2, 0}, {0, 1, 1, 1}, {0, 1, 0, 2}, {0, 0, 3, 0}, {0, 0, 2, 1}, {0, 0, 1, 2}, {0, 0, 0, 3}, {1, 0, 0, 0}, {1, 1, 0, 0}, {1, 0, 1, 0}, {1, 0, 0, 1}, {2, 0, 0, 0}}
alpha_index_times_count = 42
alpha_index_times = {{0, 0, 1, 25}, {1, 1, 1, 26}, {2, 2, 1, 26}, {3, 3, 1, 26}, {1, 4, 1, 27}, {2, 5, 1, 27}, {3, 6, 1, 27}, {1, 5, 1, 28}, {2, 7, 1, 28}, {3, 8, 1, 28}, {1, 6, 1, 29}, {2, 8, 1, 29}, {3, 9, 1, 29}, {4, 4, 1, 30}, {5, 5, 2, 30}, {6, 6, 2, 30}, {7, 7, 1, 30}, {8, 8, 2, 30}, {9, 9, 1, 30}, {10, 10, 1, 31}, {11, 11, 3, 31}, {12, 12, 3, 31}, {13, 13, 3, 31}, {14, 14, 6, 31}, {15, 15, 3, 31}, {16, 16, 1, 31}, {17, 17, 3, 31}, {18, 18, 3, 31}, {19, 19, 1, 31}, {0, 20, 1, 32}, {1, 21, 1, 33}, {2, 22, 1, 33}, {3, 23, 1, 33}, {0, 25, 1, 34}, {0, 26, 1, 35}, {0, 30, 1, 36}, {1, 27, 1, 37}, {2, 28, 1, 37}, {3, 29, 1, 37}, {0, 32, 1, 38}, {0, 34, 1, 39}, {0, 35, 1, 40}}
alpha_scalar_moments = 16
alpha_moment_mapping = {0, 20, 24, 25, 26, 30, 31, 32, 33, 34, 35, 36, 37, 38, 39, 40}
species_coeffs = {-4.196426821215489e+00}
moment_coeffs = {6.411722289591597e+00, 6.031600385712061e-01, -9.598168923768224e-02, 9.070916464898314e+00, 6.003534887105870e+00, -6.895236252731644e-01, 5.590913572480729e-01, 1.003935179690838e+00, -1.531274133541503e-01, 5.314506991503116e+00, 9.129001972658441e+00, -6.352218761300868e-01, 5.408808608674143e-02, 3.980559057539063e-01, 1.047023927914352e+00, 3.237839217185445e+00}