MTP
version = 1.1.0
potential_name = MTP1m
scaling = 3.414639705327995e-02
species_count = 1
potential_tag = 
radial_basis_type = RBChebyshev
	min_dist = 2.000000000000000e+00
	max_dist = 5.000000000000000e+00
	radial_basis_size = 8
	radial_funcs_count = 3
	radial_coeffs
		0-0
			{3.668519150132864e-01, 5.736029531878649e-01, -3.188996716861139e-01, 9.312234477860848e-02, -4.637648141983741e-01, 1.946950048732655e-01, 3.861452483616745e-01, 1.547205590841592e-01}
			{-4.047122795914462e-01, 2.324314623770001e-01, 1.897011631016937e-01, 5.560129724647801e-01, -2.531552351796280e-01, -3.387242408998659e-01, 1.258142880358081e-01, -4.923369871012416e-01}
			{-1.424047151685445e-01, -3.009137744209323e-01, -1.620265014713019e-02, 1.028880289768738e-01, -6.815294694588121e-01, 4.127676488566128e-01, -4.927619871519240e-01, 2.548330076027909e-02}
alpha_moments_count = 41
alpha_index_basic_count = 25
alpha_index_basic = {{0, 0, 0, 0}, {0, 1, 0, 0}, {0, 0, 1, 0}, {0, 0, 0, 1}, {0, 2, 0, 0}, {0, 1, 1, 0}, {0, 1, 0, 1}, {0, 0, 2, 0}, {0, 0, 1, 1}, {0, 0, 0, 2}, {0, 3, 0, 0}, {0, 2, 1, 0}, {0, 2, 0, 1}, {0, 1, 2, 0}, {0, 1, 1, 1}, {0, 1, 0, 2}, {0, 0, 3, 0}, {0, 0, 2, 1}, {0, 0, 1, 2}, {0, 0, 0, 3}, {1, 0, 0, 0}, {1, 1, 0, 0}, {1, 0, 1, 0}, {1, 0, 0, 1}, {2, 0, 0, 0}}
alpha_index_times_count = 42
alpha_index_times = {{0, 0, 1, 25}, {1, 1, 1, 26}, {2, 2, 1, 26}, {3, 3, 1, 26}, {1, 4, 1, 27}, {2, 5, 1, 27}, {3, 6, 1, 27}, {1, 5, 1, 28}, {2, 7, 1, 28}, {3, 8, 1, 28}, {1, 6, 1, 29}, {2, 8, 1, 29}, {3, 9, 1, 29}, {4, 4, 1, 30}, {5, 5, 2, 30}, {6, 6, 2, 30}, {7, 7, 1, 30}, {8, 8, 2, 30}, {9, 9, 1, 30}, {10, 10, 1, 31}, {11, 11, 3, 31}, {12, 12, 3, 31}, {13, 13, 3, 31}, {14, 14, 6, 31}, {15, 15, 3, 31}, {16, 16, 1, 31}, {17, 17, 3, 31}, {18, 18, 3, 31}, {19, 19, 1, 31}, {0, 20, 1, 32}, {1, 21, 1, 33}, {2, 22, 1, 33}, {3, 23, 1, 33}, {0, 25, 1, 34}, {0, 26, 1, 35}, {0, 30, 1, 36}, {1, 27, 1, 37}, {2, 28, 1, 37}, {3, 29, 1, 37}, {0, 32, 1, 38}, {0, 34, 1, 39}, {0, 35, 1, 40}}
alpha_scalar_moments = 16
alpha_moment_mapping = {0, 20, 24, 25, 26, 30, 31, 32, 33, 34, 35, 36, 37, 38, 39, 40}
species_coeffs = {-5.615436972960613e+00}
moment_coeffs = {-1.270105954604052e+00, -1.366815997785326e+00, -9.722196088087006e-01, 1.526008479503929e+01, 1.483783562103860e+01, -6.502678484184107e+00, -4.322008238000983e+00, 1.791103894342965e+00, -7.144822738471387e-01, -1.899180403673299e+01, -3.340139987133603e+01, 5.386685093407802e+00, -1.348806333220246e+00, -1.875915403965237e-01, 6.758446757586382e+00, 2.414872317398773e+01}