MTP
version = 1.1.0
potential_name = MTP1m
scaling = 4.470073796065738e-02
species_count = 1
potential_tag = 
radial_basis_type = RBChebyshev
	min_dist = 2.000000000000000e+00
	max_dist = 5.000000000000000e+00
	radial_basis_size = 8
	radial_funcs_count = 3
	radial_coeffs
		0-0
			{-3.323760825494638e-01, 1.751824022580971e-01, -6.588850806148108e-01, -1.863860343430418e-01, 6.017359381011880e-01, 5.826146981591547e-02, 1.451835631120464e-01, 5.838798307619579e-02}
			{4.015055450135978e-02, -2.568834006888075e-01, -9.403430207325074e-02, 2.547396886350340e-01, 7.518555673527580e-02, 1.438916824704722e-01, 2.817617168202516e-01, -8.677077517230312e-01}
			{4.989457411655349e-01, -1.155952265552154e-01, -5.120532334738697e-01, 4.519149242567531e-01, -5.682266493220317e-02, -4.938921644743274e-01, -8.140263396823957e-02, 1.322142325821650e-01}
alpha_moments_count = 41
alpha_index_basic_count = 25
alpha_index_basic = {{0, 0, 0, 0}, {0, 1, 0, 0}, {0, 0, 1, 0}, {0, 0, 0, 1}, {0, 2, 0, 0}, {0, 1, 1, 0}, {0, 1, 0, 1}, {0, 0, 2, 0}, {0, 0, 1, 1}, {0, 0, 0, 2}, {0, 3, 0, 0}, {0, 2, 1, 0}, {0, 2, 0, 1}, {0, 1, 2, 0}, {0, 1, 1, 1}, {0, 1, 0, 2}, {0, 0, 3, 0}, {0, 0, 2, 1}, {0, 0, 1, 2}, {0, 0, 0, 3}, {1, 0, 0, 0}, {1, 1, 0, 0}, {1, 0, 1, 0}, {1, 0, 0, 1}, {2, 0, 0, 0}}
alpha_index_times_count = 42
alpha_index_times = {{0, 0, 1, 25}, {1, 1, 1, 26}, {2, 2, 1, 26}, {3, 3, 1, 26}, {1, 4, 1, 27}, {2, 5, 1, 27}, {3, 6, 1, 27}, {1, 5, 1, 28}, {2, 7, 1, 28}, {3, 8, 1, 28}, {1, 6, 1, 29}, {2, 8, 1, 29}, {3, 9, 1, 29}, {4, 4, 1, 30}, {5, 5, 2, 30}, {6, 6, 2, 30}, {7, 7, 1, 30}, {8, 8, 2, 30}, {9, 9, 1, 30}, {10, 10, 1, 31}, {11, 11, 3, 31}, {12, 12, 3, 31}, {13, 13, 3, 31}, {14, 14, 6, 31}, {15, 15, 3, 31}, {16, 16, 1, 31}, {17, 17, 3, 31}, {18, 18, 3, 31}, {19, 19, 1, 31}, {0, 20, 1, 32}, {1, 21, 1, 33}, {2, 22, 1, 33}, {3, 23, 1, 33}, {0, 25, 1, 34}, {0, 26, 1, 35}, {0, 30, 1, 36}, {1, 27, 1, 37}, {2, 28, 1, 37}, {3, 29, 1, 37}, {0, 32, 1, 38}, {0, 34, 1, 39}, {0, 35, 1, 40}}
alpha_scalar_moments = 16
alpha_moment_mapping = {0, 20, 24, 25, 26, 30, 31, 32, 33, 34, 35, 36, 37, 38, 39, 40}
species_coeffs = {-3.984908037355782e+00}
moment_coeffs = {8.099630053125118e-01, -9.016851128158791e-02, -3.543492491919620e-02, -1.262015034525249e+00, -2.619428246455945e+00, 8.086120748234712e-01, -6.997244283359507e-01, -7.604175302416033e-02, -3.467100398143368e-01, -1.367225862901954e+00, -4.989098980550815e+00, 1.510597531391392e-01, 4.155172646748008e-01, -6.281222361720476e-02, -4.161065469140117e-01, -2.079117257676796e+00}