MTP
version = 1.1.0
potential_name = MTP1m
scaling = 2.173671108715738e-02
species_count = 1
potential_tag = 
radial_basis_type = RBChebyshev
	min_dist = 2.000000000000000e+00
	max_dist = 5.000000000000000e+00
	radial_basis_size = 8
	radial_funcs_count = 3
	radial_coeffs
		0-0
			{-2.435198152320494e-01, 4.742079932588355e-01, -5.791656828333367e-01, -1.941777899994513e-01, 5.317909449858551e-01, -1.445717282760262e-01, 1.968852798083791e-01, 1.485154628350776e-02}
			{-4.646417287498606e-01, -6.101295346796852e-01, -1.060551319701098e-01, -4.023865112900213e-01, 8.017589976187495e-02, 5.025263939649178e-02, -2.974118577312457e-02, 4.783820416052514e-01}
			{2.336693345264450e-01, 1.272304041515855e-01, -3.137206465335153e-01, -6.605084037019196e-02, -4.950988967691253e-01, 3.650640078792942e-01, 5.739348892886873e-01, 3.444296784724875e-01}
alpha_moments_count = 41
alpha_index_basic_count = 25
alpha_index_basic = {{0, 0, 0, 0}, {0, 1, 0, 0}, {0, 0, 1, 0}, {0, 0, 0, 1}, {0, 2, 0, 0}, {0, 1, 1, 0}, {0, 1, 0, 1}, {0, 0, 2, 0}, {0, 0, 1, 1}, {0, 0, 0, 2}, {0, 3, 0, 0}, {0, 2, 1, 0}, {0, 2, 0, 1}, {0, 1, 2, 0}, {0, 1, 1, 1}, {0, 1, 0, 2}, {0, 0, 3, 0}, {0, 0, 2, 1}, {0, 0, 1, 2}, {0, 0, 0, 3}, {1, 0, 0, 0}, {1, 1, 0, 0}, {1, 0, 1, 0}, {1, 0, 0, 1}, {2, 0, 0, 0}}
alpha_index_times_count = 42
alpha_index_times = {{0, 0, 1, 25}, {1, 1, 1, 26}, {2, 2, 1, 26}, {3, 3, 1, 26}, {1, 4, 1, 27}, {2, 5, 1, 27}, {3, 6, 1, 27}, {1, 5, 1, 28}, {2, 7, 1, 28}, {3, 8, 1, 28}, {1, 6, 1, 29}, {2, 8, 1, 29}, {3, 9, 1, 29}, {4, 4, 1, 30}, {5, 5, 2, 30}, {6, 6, 2, 30}, {7, 7, 1, 30}, {8, 8, 2, 30}, {9, 9, 1, 30}, {10, 10, 1, 31}, {11, 11, 3, 31}, {12, 12, 3, 31}, {13, 13, 3, 31}, {14, 14, 6, 31}, {15, 15, 3, 31}, {16, 16, 1, 31}, {17, 17, 3, 31}, {18, 18, 3, 31}, {19, 19, 1, 31}, {0, 20, 1, 32}, {1, 21, 1, 33}, {2, 22, 1, 33}, {3, 23, 1, 33}, {0, 25, 1, 34}, {0, 26, 1, 35}, {0, 30, 1, 36}, {1, 27, 1, 37}, {2, 28, 1, 37}, {3, 29, 1, 37}, {0, 32, 1, 38}, {0, 34, 1, 39}, {0, 35, 1, 40}}
alpha_scalar_moments = 16
alpha_moment_mapping = {0, 20, 24, 25, 26, 30, 31, 32, 33, 34, 35, 36, 37, 38, 39, 40}
species_coeffs = {-3.329080875484096e+00}
moment_coeffs = {5.747608857674249e+00, 3.482032455560119e-01, -3.030080206481994e-01, 8.287879339072013e+00, 6.258971944531469e+00, 3.009879882526086e+00, -5.858518228948452e-01, -5.395732349367757e-02, 1.295853368370621e+00, 8.004163213107894e+00, 2.630235877870994e+01, 1.362746253562669e+00, -2.076891147267861e+00, 2.477845257846407e-02, 2.988343296951776e+00, 2.293788620774007e+01}