MTP
version = 1.1.0
potential_name = MTP1m
scaling = 1.646720536905862e-02
species_count = 1
potential_tag = 
radial_basis_type = RBChebyshev
	min_dist = 2.000000000000000e+00
	max_dist = 5.000000000000000e+00
	radial_basis_size = 8
	radial_funcs_count = 3
	radial_coeffs
		0-0
			{6.780457368069700e-01, -2.450631909543705e-01, 7.590963311930869e-02, -6.364654349726809e-01, 7.725643290227036e-02, 2.503196818655326e-01, -9.825793736634444e-03, 2.494879446553420e-02}
			{1.564423433090024e-01, -4.432762852552310e-01, 3.308018301355350e-01, 5.922402186810426e-01, 1.380288365117680e-01, 4.843484183339203e-01, 8.253071411483041e-02, 2.416545697524801e-01}
			{3.285198786024492e-02, 4.721895465535736e-01, 2.420030618605467e-01, 3.822122182152121e-02, -4.039891811019717e-01, 5.291952655600258e-01, -4.561369407144492e-01, -2.541960626147197e-01}
alpha_moments_count = 41
alpha_index_basic_count = 25
alpha_index_basic = {{0, 0, 0, 0}, {0, 1, 0, 0}, {0, 0, 1, 0}, {0, 0, 0, 1}, {0, 2, 0, 0}, {0, 1, 1, 0}, {0, 1, 0, 1}, {0, 0, 2, 0}, {0, 0, 1, 1}, {0, 0, 0, 2}, {0, 3, 0, 0}, {0, 2, 1, 0}, {0, 2, 0, 1}, {0, 1, 2, 0}, {0, 1, 1, 1}, {0, 1, 0, 2}, {0, 0, 3, 0}, {0, 0, 2, 1}, {0, 0, 1, 2}, {0, 0, 0, 3}, {1, 0, 0, 0}, {1, 1, 0, 0}, {1, 0, 1, 0}, {1, 0, 0, 1}, {2, 0, 0, 0}}
alpha_index_times_count = 42
alpha_index_times = {{0, 0, 1, 25}, {1, 1, 1, 26}, {2, 2, 1, 26}, {3, 3, 1, 26}, {1, 4, 1, 27}, {2, 5, 1, 27}, {3, 6, 1, 27}, {1, 5, 1, 28}, {2, 7, 1, 28}, {3, 8, 1, 28}, {1, 6, 1, 29}, {2, 8, 1, 29}, {3, 9, 1, 29}, {4, 4, 1, 30}, {5, 5, 2, 30}, {6, 6, 2, 30}, {7, 7, 1, 30}, {8, 8, 2, 30}, {9, 9, 1, 30}, {10, 10, 1, 31}, {11, 11, 3, 31}, {12, 12, 3, 31}, {13, 13, 3, 31}, {14, 14, 6, 31}, {15, 15, 3, 31}, {16, 16, 1, 31}, {17, 17, 3, 31}, {18, 18, 3, 31}, {19, 19, 1, 31}, {0, 20, 1, 32}, {1, 21, 1, 33}, {2, 22, 1, 33}, {3, 23, 1, 33}, {0, 25, 1, 34}, {0, 26, 1, 35}, {0, 30, 1, 36}, {1, 27, 1, 37}, {2, 28, 1, 37}, {3, 29, 1, 37}, {0, 32, 1, 38}, {0, 34, 1, 39}, {0, 35, 1, 40}}
alpha_scalar_moments = 16
alpha_moment_mapping = {0, 20, 24, 25, 26, 30, 31, 32, 33, 34, 35, 36, 37, 38, 39, 40}
species_coeffs = {1.137514646252559e+00}
moment_coeffs = {-3.147116174007424e+01, -1.091979145389827e+01, -1.110259676524146e+00, 8.026345157774381e+01, 2.928806910324185e+01, -5.975321931622545e+00, -4.210790977569520e+00, 1.753939730909363e+01, -4.723179812566491e+00, -9.065602844898248e+01, -1.105529211169939e+01, 7.231854918891809e+00, -6.054216395729679e+01, -6.200451641803874e+00, 3.625690319621756e+01, -7.121509812497971e+00}