MTP
version = 1.1.0
potential_name = MTP1m
scaling = 1.019605952587410e-01
species_count = 1
potential_tag = 
radial_basis_type = RBChebyshev
	min_dist = 2.000000000000000e+00
	max_dist = 5.000000000000000e+00
	radial_basis_size = 8
	radial_funcs_count = 3
	radial_coeffs
		0-0
			{3.921784136958221e-01, -2.020733857581542e-01, 4.508118832570792e-01, 2.859149470040651e-02, -5.088243064206810e-01, 5.704750425874564e-01, 1.022952855711536e-01, -8.065566114375225e-02}
			{-5.424238833977278e-01, -1.872965617075692e-01, -3.678451746972733e-01, -3.298893513336029e-02, -3.422381859711591e-01, 1.517215063770323e-01, 4.329598433106790e-01, -4.546398224410142e-01}
			{1.250566598929800e-01, -7.367062519516768e-01, -9.547449622432048e-02, 1.281946759480508e-01, -2.610965639138025e-01, -4.568568534424770e-01, -3.642711061677291e-01, -8.057565368890342e-02}
alpha_moments_count = 41
alpha_index_basic_count = 25
alpha_index_basic = {{0, 0, 0, 0}, {0, 1, 0, 0}, {0, 0, 1, 0}, {0, 0, 0, 1}, {0, 2, 0, 0}, {0, 1, 1, 0}, {0, 1, 0, 1}, {0, 0, 2, 0}, {0, 0, 1, 1}, {0, 0, 0, 2}, {0, 3, 0, 0}, {0, 2, 1, 0}, {0, 2, 0, 1}, {0, 1, 2, 0}, {0, 1, 1, 1}, {0, 1, 0, 2}, {0, 0, 3, 0}, {0, 0, 2, 1}, {0, 0, 1, 2}, {0, 0, 0, 3}, {1, 0, 0, 0}, {1, 1, 0, 0}, {1, 0, 1, 0}, {1, 0, 0, 1}, {2, 0, 0, 0}}
alpha_index_times_count = 42
alpha_index_times = {{0, 0, 1, 25}, {1, 1, 1, 26}, {2, 2, 1, 26}, {3, 3, 1, 26}, {1, 4, 1, 27}, {2, 5, 1, 27}, {3, 6, 1, 27}, {1, 5, 1, 28}, {2, 7, 1, 28}, {3, 8, 1, 28}, {1, 6, 1, 29}, {2, 8, 1, 29}, {3, 9, 1, 29}, {4, 4, 1, 30}, {5, 5, 2, 30}, {6, 6, 2, 30}, {7, 7, 1, 30}, {8, 8, 2, 30}, {9, 9, 1, 30}, {10, 10, 1, 31}, {11, 11, 3, 31}, {12, 12, 3, 31}, {13, 13, 3, 31}, {14, 14, 6, 31}, {15, 15, 3, 31}, {16, 16, 1, 31}, {17, 17, 3, 31}, {18, 18, 3, 31}, {19, 19, 1, 31}, {0, 20, 1, 32}, {1, 21, 1, 33}, {2, 22, 1, 33}, {3, 23, 1, 33}, {0, 25, 1, 34}, {0, 26, 1, 35}, {0, 30, 1, 36}, {1, 27, 1, 37}, {2, 28, 1, 37}, {3, 29, 1, 37}, {0, 32, 1, 38}, {0, 34, 1, 39}, {0, 35, 1, 40}}
alpha_scalar_moments = 16
alpha_moment_mapping = {0, 20, 24, 25, 26, 30, 31, 32, 33, 34, 35, 36, 37, 38, 39, 40}
species_coeffs = {4.546429168447881e+01}
moment_coeffs = {-1.985558133261883e+01, -6.376046309188971e+00, -4.529083041307931e-01, -3.993192727791060e-02, -4.150938414887501e+01, -1.315638864469344e-01, 6.019284211198175e-02, 2.553764271067360e+00, 7.622288199567988e-02, 7.931337495762389e-01, 1.647912728503064e+01, 4.934648700066148e-02, -1.392381215748824e-02, -2.583820218924976e-01, -8.065017311595819e-02, -1.637541759378005e+00}