MTP
version = 1.1.0
potential_name = MTP1m
scaling = 3.104217913934541e-02
species_count = 1
potential_tag = 
radial_basis_type = RBChebyshev
	min_dist = 2.000000000000000e+00
	max_dist = 5.000000000000000e+00
	radial_basis_size = 8
	radial_funcs_count = 3
	radial_coeffs
		0-0
			{-6.046155838071505e-01, 7.768987427063225e-01, -9.421588206244152e-02, 1.358227605949774e-02, 5.651528769762034e-02, -5.691590525273173e-02, -1.239464359858626e-01, -3.333306951536106e-03}
			{-1.052006419824387e-01, 9.976437304820411e-02, 5.522098566585962e-01, 2.589720412978189e-01, 2.046270318695477e-02, 5.601581900166256e-01, 4.932475099564755e-01, 2.224603872360924e-01}
			{2.852208597436658e-01, 2.044957497137573e-01, 2.149178925543831e-01, 6.513567069752301e-01, -4.791825794738606e-01, -7.964194674783517e-02, -3.790462058249823e-01, -1.635251606057518e-01}
alpha_moments_count = 41
alpha_index_basic_count = 25
alpha_index_basic = {{0, 0, 0, 0}, {0, 1, 0, 0}, {0, 0, 1, 0}, {0, 0, 0, 1}, {0, 2, 0, 0}, {0, 1, 1, 0}, {0, 1, 0, 1}, {0, 0, 2, 0}, {0, 0, 1, 1}, {0, 0, 0, 2}, {0, 3, 0, 0}, {0, 2, 1, 0}, {0, 2, 0, 1}, {0, 1, 2, 0}, {0, 1, 1, 1}, {0, 1, 0, 2}, {0, 0, 3, 0}, {0, 0, 2, 1}, {0, 0, 1, 2}, {0, 0, 0, 3}, {1, 0, 0, 0}, {1, 1, 0, 0}, {1, 0, 1, 0}, {1, 0, 0, 1}, {2, 0, 0, 0}}
alpha_index_times_count = 42
alpha_index_times = {{0, 0, 1, 25}, {1, 1, 1, 26}, {2, 2, 1, 26}, {3, 3, 1, 26}, {1, 4, 1, 27}, {2, 5, 1, 27}, {3, 6, 1, 27}, {1, 5, 1, 28}, {2, 7, 1, 28}, {3, 8, 1, 28}, {1, 6, 1, 29}, {2, 8, 1, 29}, {3, 9, 1, 29}, {4, 4, 1, 30}, {5, 5, 2, 30}, {6, 6, 2, 30}, {7, 7, 1, 30}, {8, 8, 2, 30}, {9, 9, 1, 30}, {10, 10, 1, 31}, {11, 11, 3, 31}, {12, 12, 3, 31}, {13, 13, 3, 31}, {14, 14, 6, 31}, {15, 15, 3, 31}, {16, 16, 1, 31}, {17, 17, 3, 31}, {18, 18, 3, 31}, {19, 19, 1, 31}, {0, 20, 1, 32}, {1, 21, 1, 33}, {2, 22, 1, 33}, {3, 23, 1, 33}, {0, 25, 1, 34}, {0, 26, 1, 35}, {0, 30, 1, 36}, {1, 27, 1, 37}, {2, 28, 1, 37}, {3, 29, 1, 37}, {0, 32, 1, 38}, {0, 34, 1, 39}, {0, 35, 1, 40}}
alpha_scalar_moments = 16
alpha_moment_mapping = {0, 20, 24, 25, 26, 30, 31, 32, 33, 34, 35, 36, 37, 38, 39, 40}
species_coeffs = {-5.752320935768997e+00}
moment_coeffs = {-9.376586599464542e+00, -3.288459247848227e+01, -7.297547091466181e-01, -1.468265271162841e+01, -3.012038168539836e+01, 5.888247861144471e+00, -1.855625403700429e+00, -5.143735095984444e+01, 3.689202099625523e+00, -6.090255643118072e+00, -3.137942543170033e+01, 2.736584232971897e+00, -1.529447306332153e+01, -2.031373635551043e+01, -2.498829568174097e-01, -8.943027698815939e+00}