MTP
version = 1.1.0
potential_name = MTP1m
scaling = 2.869245863504774e-02
species_count = 1
potential_tag = 
radial_basis_type = RBChebyshev
	min_dist = 2.000000000000000e+00
	max_dist = 5.000000000000000e+00
	radial_basis_size = 8
	radial_funcs_count = 3
	radial_coeffs
		0-0
			{6.410294184658902e-02, 6.916594529287515e-01, -5.028789707015652e-01, -3.363841759181956e-01, 3.684490986595161e-01, -9.487143477668579e-02, -8.186011366074830e-02, -1.859858507480387e-04}
			{-4.292859378418608e-01, 2.171990562532008e-01, -3.583025357571272e-01, 7.795788322660321e-01, -5.712402159757713e-02, 7.574199506234587e-02, 1.517794470641290e-01, -1.942384297963946e-02}
			{3.546645546719864e-01, -8.052855437953564e-02, -2.914220180514100e-01, 1.835671067792324e-01, -3.529843440325123e-01, -3.785356236845858e-01, -5.157655534432644e-01, -4.639000515665323e-01}
alpha_moments_count = 41
alpha_index_basic_count = 25
alpha_index_basic = {{0, 0, 0, 0}, {0, 1, 0, 0}, {0, 0, 1, 0}, {0, 0, 0, 1}, {0, 2, 0, 0}, {0, 1, 1, 0}, {0, 1, 0, 1}, {0, 0, 2, 0}, {0, 0, 1, 1}, {0, 0, 0, 2}, {0, 3, 0, 0}, {0, 2, 1, 0}, {0, 2, 0, 1}, {0, 1, 2, 0}, {0, 1, 1, 1}, {0, 1, 0, 2}, {0, 0, 3, 0}, {0, 0, 2, 1}, {0, 0, 1, 2}, {0, 0, 0, 3}, {1, 0, 0, 0}, {1, 1, 0, 0}, {1, 0, 1, 0}, {1, 0, 0, 1}, {2, 0, 0, 0}}
alpha_index_times_count = 42
alpha_index_times = {{0, 0, 1, 25}, {1, 1, 1, 26}, {2, 2, 1, 26}, {3, 3, 1, 26}, {1, 4, 1, 27}, {2, 5, 1, 27}, {3, 6, 1, 27}, {1, 5, 1, 28}, {2, 7, 1, 28}, {3, 8, 1, 28}, {1, 6, 1, 29}, {2, 8, 1, 29}, {3, 9, 1, 29}, {4, 4, 1, 30}, {5, 5, 2, 30}, {6, 6, 2, 30}, {7, 7, 1, 30}, {8, 8, 2, 30}, {9, 9, 1, 30}, {10, 10, 1, 31}, {11, 11, 3, 31}, {12, 12, 3, 31}, {13, 13, 3, 31}, {14, 14, 6, 31}, {15, 15, 3, 31}, {16, 16, 1, 31}, {17, 17, 3, 31}, {18, 18, 3, 31}, {19, 19, 1, 31}, {0, 20, 1, 32}, {1, 21, 1, 33}, {2, 22, 1, 33}, {3, 23, 1, 33}, {0, 25, 1, 34}, {0, 26, 1, 35}, {0, 30, 1, 36}, {1, 27, 1, 37}, {2, 28, 1, 37}, {3, 29, 1, 37}, {0, 32, 1, 38}, {0, 34, 1, 39}, {0, 35, 1, 40}}
alpha_scalar_moments = 16
alpha_moment_mapping = {0, 20, 24, 25, 26, 30, 31, 32, 33, 34, 35, 36, 37, 38, 39, 40}
species_coeffs = {-4.232174011208799e+00}
moment_coeffs = {2.102969207444859e+00, 6.469131453243741e-02, -2.498113803077879e-01, 1.336348245174430e+00, 2.887658078664210e+00, 2.509598440074639e+00, -2.482282787507214e+00, -2.849079728166576e-01, -1.581259897629059e+00, -8.271224042327169e-01, 4.906220110421758e+00, 1.987590480778949e+00, 9.982212185111188e-01, -1.248641725406509e+00, -2.094816135467279e+00, 7.427793653371698e+00}