MTP
version = 1.1.0
potential_name = MTP1m
scaling = 3.756103675860795e-02
species_count = 1
potential_tag = 
radial_basis_type = RBChebyshev
	min_dist = 2.000000000000000e+00
	max_dist = 5.000000000000000e+00
	radial_basis_size = 8
	radial_funcs_count = 3
	radial_coeffs
		0-0
			{-4.234035334901982e-02, 6.103676423247099e-01, -3.253930672974994e-01, -3.424354720448794e-01, 4.703630401149967e-01, 1.250255012648847e-01, -4.055267477835426e-01, -3.451413450640413e-02}
			{-3.094787729563684e-01, -6.933398811031416e-01, -2.454098540717294e-01, -3.054069236398763e-01, 2.618073324675163e-02, 2.615226651769498e-01, -4.369281951701733e-01, -1.000876073715618e-01}
			{-7.070627864828393e-01, 1.726315367928131e-01, -2.134808420831241e-01, 1.545007954728507e-01, -1.263631471118606e-01, 2.413352079186163e-01, 2.589664128774815e-01, 5.094527175407406e-01}
alpha_moments_count = 41
alpha_index_basic_count = 25
alpha_index_basic = {{0, 0, 0, 0}, {0, 1, 0, 0}, {0, 0, 1, 0}, {0, 0, 0, 1}, {0, 2, 0, 0}, {0, 1, 1, 0}, {0, 1, 0, 1}, {0, 0, 2, 0}, {0, 0, 1, 1}, {0, 0, 0, 2}, {0, 3, 0, 0}, {0, 2, 1, 0}, {0, 2, 0, 1}, {0, 1, 2, 0}, {0, 1, 1, 1}, {0, 1, 0, 2}, {0, 0, 3, 0}, {0, 0, 2, 1}, {0, 0, 1, 2}, {0, 0, 0, 3}, {1, 0, 0, 0}, {1, 1, 0, 0}, {1, 0, 1, 0}, {1, 0, 0, 1}, {2, 0, 0, 0}}
alpha_index_times_count = 42
alpha_index_times = {{0, 0, 1, 25}, {1, 1, 1, 26}, {2, 2, 1, 26}, {3, 3, 1, 26}, {1, 4, 1, 27}, {2, 5, 1, 27}, {3, 6, 1, 27}, {1, 5, 1, 28}, {2, 7, 1, 28}, {3, 8, 1, 28}, {1, 6, 1, 29}, {2, 8, 1, 29}, {3, 9, 1, 29}, {4, 4, 1, 30}, {5, 5, 2, 30}, {6, 6, 2, 30}, {7, 7, 1, 30}, {8, 8, 2, 30}, {9, 9, 1, 30}, {10, 10, 1, 31}, {11, 11, 3, 31}, {12, 12, 3, 31}, {13, 13, 3, 31}, {14, 14, 6, 31}, {15, 15, 3, 31}, {16, 16, 1, 31}, {17, 17, 3, 31}, {18, 18, 3, 31}, {19, 19, 1, 31}, {0, 20, 1, 32}, {1, 21, 1, 33}, {2, 22, 1, 33}, {3, 23, 1, 33}, {0, 25, 1, 34}, {0, 26, 1, 35}, {0, 30, 1, 36}, {1, 27, 1, 37}, {2, 28, 1, 37}, {3, 29, 1, 37}, {0, 32, 1, 38}, {0, 34, 1, 39}, {0, 35, 1, 40}}
alpha_scalar_moments = 16
alpha_moment_mapping = {0, 20, 24, 25, 26, 30, 31, 32, 33, 34, 35, 36, 37, 38, 39, 40}
species_coeffs = {-3.945563731796707e+00}
moment_coeffs = {4.249282157464345e+00, -1.580077157787494e+00, -1.112395727305668e-01, 1.199585992402189e+01, 6.412659426265120e-01, -2.822096265716176e+00, -9.990239157478542e-01, -1.654138161531039e+00, -7.452975046596952e-02, 1.283876026089086e+01, -2.863700565016712e+00, -9.722873007908631e-01, 1.484215448831904e-01, -4.210858351502528e+00, 3.171160243628386e+00, -6.580256051784625e+00}