MTP
version = 1.1.0
potential_name = MTP1m
scaling = 4.917081175672313e-02
species_count = 1
potential_tag = 
radial_basis_type = RBChebyshev
	min_dist = 2.000000000000000e+00
	max_dist = 5.000000000000000e+00
	radial_basis_size = 8
	radial_funcs_count = 3
	radial_coeffs
		0-0
			{3.624301778626721e-01, 5.282108051845589e-01, 7.255281133689631e-02, -2.927617046520420e-01, -6.014649949388574e-01, 1.692709598766451e-01, 7.653251215781701e-02, 3.199911891060569e-01}
			{-4.043266676270912e-01, -4.978625668866796e-01, 1.932401886168721e-01, -5.711620633188741e-01, -4.170562668093631e-01, -6.419741174149191e-02, 1.997884602922672e-01, -8.433427679180210e-02}
			{1.102555590732388e-01, 3.638893214263872e-01, 1.267607041029928e-01, -4.348525864214058e-01, 3.452148702614024e-01, -6.785281147640106e-01, 1.869513226816703e-01, -1.890468682522747e-01}
alpha_moments_count = 41
alpha_index_basic_count = 25
alpha_index_basic = {{0, 0, 0, 0}, {0, 1, 0, 0}, {0, 0, 1, 0}, {0, 0, 0, 1}, {0, 2, 0, 0}, {0, 1, 1, 0}, {0, 1, 0, 1}, {0, 0, 2, 0}, {0, 0, 1, 1}, {0, 0, 0, 2}, {0, 3, 0, 0}, {0, 2, 1, 0}, {0, 2, 0, 1}, {0, 1, 2, 0}, {0, 1, 1, 1}, {0, 1, 0, 2}, {0, 0, 3, 0}, {0, 0, 2, 1}, {0, 0, 1, 2}, {0, 0, 0, 3}, {1, 0, 0, 0}, {1, 1, 0, 0}, {1, 0, 1, 0}, {1, 0, 0, 1}, {2, 0, 0, 0}}
alpha_index_times_count = 42
alpha_index_times = {{0, 0, 1, 25}, {1, 1, 1, 26}, {2, 2, 1, 26}, {3, 3, 1, 26}, {1, 4, 1, 27}, {2, 5, 1, 27}, {3, 6, 1, 27}, {1, 5, 1, 28}, {2, 7, 1, 28}, {3, 8, 1, 28}, {1, 6, 1, 29}, {2, 8, 1, 29}, {3, 9, 1, 29}, {4, 4, 1, 30}, {5, 5, 2, 30}, {6, 6, 2, 30}, {7, 7, 1, 30}, {8, 8, 2, 30}, {9, 9, 1, 30}, {10, 10, 1, 31}, {11, 11, 3, 31}, {12, 12, 3, 31}, {13, 13, 3, 31}, {14, 14, 6, 31}, {15, 15, 3, 31}, {16, 16, 1, 31}, {17, 17, 3, 31}, {18, 18, 3, 31}, {19, 19, 1, 31}, {0, 20, 1, 32}, {1, 21, 1, 33}, {2, 22, 1, 33}, {3, 23, 1, 33}, {0, 25, 1, 34}, {0, 26, 1, 35}, {0, 30, 1, 36}, {1, 27, 1, 37}, {2, 28, 1, 37}, {3, 29, 1, 37}, {0, 32, 1, 38}, {0, 34, 1, 39}, {0, 35, 1, 40}}
alpha_scalar_moments = 16
alpha_moment_mapping = {0, 20, 24, 25, 26, 30, 31, 32, 33, 34, 35, 36, 37, 38, 39, 40}
species_coeffs = {3.936348242377442e+00}
moment_coeffs = {-3.330392997545855e+01, 2.016373369989211e+00, 2.567411810468525e-01, 4.593433616578655e+01, 1.780563862364926e+00, 1.354517969873558e+01, -3.219662930764184e+00, -1.343943884472361e+00, 8.594876457018874e-02, -3.145173768548712e+01, 3.567604292213559e+00, -1.386597215079671e+01, -7.990698668910994e+00, -1.828493767279416e+00, 9.684707792235116e+00, 4.045683554351265e-01}