MTP
version = 1.1.0
potential_name = MTP1m
scaling = 6.490547151887453e-02
species_count = 1
potential_tag = 
radial_basis_type = RBChebyshev
	min_dist = 2.000000000000000e+00
	max_dist = 5.000000000000000e+00
	radial_basis_size = 8
	radial_funcs_count = 3
	radial_coeffs
		0-0
			{1.696918524409820e-01, -4.451067162540348e-01, -3.036025763286201e-01, 7.544336858101250e-02, -7.694262564336374e-01, 1.362088463776399e-01, -1.365715975782662e-01, 2.144692149432711e-01}
			{-2.816867794515860e-01, 8.005724464854519e-02, -1.017026133085007e-01, -3.702622630732867e-01, -2.726970338400057e-01, -5.551130802309898e-01, -3.781104469381706e-01, -4.912475097739312e-01}
			{-3.022886428445645e-01, -6.931273101891134e-01, 1.606470039263042e-01, -4.196947415721298e-01, 1.425781579330614e-01, 2.008982523037590e-01, 3.396073019196483e-01, -2.241053615779154e-01}
alpha_moments_count = 41
alpha_index_basic_count = 25
alpha_index_basic = {{0, 0, 0, 0}, {0, 1, 0, 0}, {0, 0, 1, 0}, {0, 0, 0, 1}, {0, 2, 0, 0}, {0, 1, 1, 0}, {0, 1, 0, 1}, {0, 0, 2, 0}, {0, 0, 1, 1}, {0, 0, 0, 2}, {0, 3, 0, 0}, {0, 2, 1, 0}, {0, 2, 0, 1}, {0, 1, 2, 0}, {0, 1, 1, 1}, {0, 1, 0, 2}, {0, 0, 3, 0}, {0, 0, 2, 1}, {0, 0, 1, 2}, {0, 0, 0, 3}, {1, 0, 0, 0}, {1, 1, 0, 0}, {1, 0, 1, 0}, {1, 0, 0, 1}, {2, 0, 0, 0}}
alpha_index_times_count = 42
alpha_index_times = {{0, 0, 1, 25}, {1, 1, 1, 26}, {2, 2, 1, 26}, {3, 3, 1, 26}, {1, 4, 1, 27}, {2, 5, 1, 27}, {3, 6, 1, 27}, {1, 5, 1, 28}, {2, 7, 1, 28}, {3, 8, 1, 28}, {1, 6, 1, 29}, {2, 8, 1, 29}, {3, 9, 1, 29}, {4, 4, 1, 30}, {5, 5, 2, 30}, {6, 6, 2, 30}, {7, 7, 1, 30}, {8, 8, 2, 30}, {9, 9, 1, 30}, {10, 10, 1, 31}, {11, 11, 3, 31}, {12, 12, 3, 31}, {13, 13, 3, 31}, {14, 14, 6, 31}, {15, 15, 3, 31}, {16, 16, 1, 31}, {17, 17, 3, 31}, {18, 18, 3, 31}, {19, 19, 1, 31}, {0, 20, 1, 32}, {1, 21, 1, 33}, {2, 22, 1, 33}, {3, 23, 1, 33}, {0, 25, 1, 34}, {0, 26, 1, 35}, {0, 30, 1, 36}, {1, 27, 1, 37}, {2, 28, 1, 37}, {3, 29, 1, 37}, {0, 32, 1, 38}, {0, 34, 1, 39}, {0, 35, 1, 40}}
alpha_scalar_moments = 16
alpha_moment_mapping = {0, 20, 24, 25, 26, 30, 31, 32, 33, 34, 35, 36, 37, 38, 39, 40}
species_coeffs = {-1.151192686196973e+01}
moment_coeffs = {1.355714975001483e+01, 3.386988936540955e+00, 8.513229866895256e-02, -1.020908107861293e+01, 4.166495116921271e+01, 1.563943078238018e+00, -1.945157576287663e-02, -2.930256626911524e+00, 9.168535336964514e-01, 2.953259815809314e+00, -3.620749758755104e+01, -5.507790189137681e-01, 9.855483461736505e-01, 5.413103144497261e-01, -2.843874521679988e-01, 7.803412624100872e+00}