MTP
version = 1.1.0
potential_name = MTP1m
scaling = 6.490547151887453e-02
species_count = 1
potential_tag = 
radial_basis_type = RBChebyshev
	min_dist = 2.000000000000000e+00
	max_dist = 5.000000000000000e+00
	radial_basis_size = 8
	radial_funcs_count = 3
	radial_coeffs
		0-0
			{8.304309499214182e-05, 7.668336098283443e-01, -1.918791225990146e-01, -2.747436626814792e-01, 3.766893236421904e-01, 1.798579438400701e-01, -3.444783203166927e-01, -8.219178542819473e-02}
			{-4.076702623378995e-01, -2.367857488810192e-01, -4.673739609470481e-01, -3.941728179067949e-01, 4.155479455158476e-01, -6.037331652609136e-02, 4.764096226134488e-01, -2.521259397199834e-02}
			{7.721635557284802e-01, -2.232263627751123e-01, -2.474056250689831e-01, -5.548130040921698e-02, 3.824364593447165e-01, -2.368635748032995e-01, -8.747732976947453e-02, 2.821904208646239e-01}
alpha_moments_count = 41
alpha_index_basic_count = 25
alpha_index_basic = {{0, 0, 0, 0}, {0, 1, 0, 0}, {0, 0, 1, 0}, {0, 0, 0, 1}, {0, 2, 0, 0}, {0, 1, 1, 0}, {0, 1, 0, 1}, {0, 0, 2, 0}, {0, 0, 1, 1}, {0, 0, 0, 2}, {0, 3, 0, 0}, {0, 2, 1, 0}, {0, 2, 0, 1}, {0, 1, 2, 0}, {0, 1, 1, 1}, {0, 1, 0, 2}, {0, 0, 3, 0}, {0, 0, 2, 1}, {0, 0, 1, 2}, {0, 0, 0, 3}, {1, 0, 0, 0}, {1, 1, 0, 0}, {1, 0, 1, 0}, {1, 0, 0, 1}, {2, 0, 0, 0}}
alpha_index_times_count = 42
alpha_index_times = {{0, 0, 1, 25}, {1, 1, 1, 26}, {2, 2, 1, 26}, {3, 3, 1, 26}, {1, 4, 1, 27}, {2, 5, 1, 27}, {3, 6, 1, 27}, {1, 5, 1, 28}, {2, 7, 1, 28}, {3, 8, 1, 28}, {1, 6, 1, 29}, {2, 8, 1, 29}, {3, 9, 1, 29}, {4, 4, 1, 30}, {5, 5, 2, 30}, {6, 6, 2, 30}, {7, 7, 1, 30}, {8, 8, 2, 30}, {9, 9, 1, 30}, {10, 10, 1, 31}, {11, 11, 3, 31}, {12, 12, 3, 31}, {13, 13, 3, 31}, {14, 14, 6, 31}, {15, 15, 3, 31}, {16, 16, 1, 31}, {17, 17, 3, 31}, {18, 18, 3, 31}, {19, 19, 1, 31}, {0, 20, 1, 32}, {1, 21, 1, 33}, {2, 22, 1, 33}, {3, 23, 1, 33}, {0, 25, 1, 34}, {0, 26, 1, 35}, {0, 30, 1, 36}, {1, 27, 1, 37}, {2, 28, 1, 37}, {3, 29, 1, 37}, {0, 32, 1, 38}, {0, 34, 1, 39}, {0, 35, 1, 40}}
alpha_scalar_moments = 16
alpha_moment_mapping = {0, 20, 24, 25, 26, 30, 31, 32, 33, 34, 35, 36, 37, 38, 39, 40}
species_coeffs = {-4.753459122882038e+00}
moment_coeffs = {-8.724118290436613e-01, 2.343530940616994e-01, 1.631093454667622e-01, 6.324414821331490e-01, 1.410647890299344e+00, -7.461975329006533e-01, -1.178090970835449e+00, -4.598602837388300e-01, 1.976667920853575e-01, 4.013159909378727e+00, 1.114835220102838e+00, -2.193875003990081e-01, -5.097864971286161e-02, -6.117153117186099e-01, 3.412679192074812e+00, 1.208932361303102e+00}