MTP
version = 1.1.0
potential_name = MTP1m
scaling = 8.496716271561752e-02
species_count = 1
potential_tag = 
radial_basis_type = RBChebyshev
	min_dist = 2.000000000000000e+00
	max_dist = 5.000000000000000e+00
	radial_basis_size = 8
	radial_funcs_count = 3
	radial_coeffs
		0-0
			{-4.668507801980089e-01, -2.536923036148860e-01, 3.620163274900933e-01, -5.590721947293352e-01, -3.762749128086232e-01, -1.791739324232616e-01, 2.954415222061786e-01, 1.144605692521941e-01}
			{-7.409808636147777e-02, -7.282159929493591e-01, 3.224141844727697e-02, 1.683124550899172e-01, -1.405731711602604e-01, 3.713718371816260e-01, -2.346266884119778e-01, -4.712905770239618e-01}
			{2.192081454609716e-01, 4.652260175103426e-01, 2.044263352717765e-01, -2.518422403478072e-01, -4.470718791136362e-01, 6.302387827935190e-01, -1.129338862843759e-01, -1.430721814904285e-01}
alpha_moments_count = 41
alpha_index_basic_count = 25
alpha_index_basic = {{0, 0, 0, 0}, {0, 1, 0, 0}, {0, 0, 1, 0}, {0, 0, 0, 1}, {0, 2, 0, 0}, {0, 1, 1, 0}, {0, 1, 0, 1}, {0, 0, 2, 0}, {0, 0, 1, 1}, {0, 0, 0, 2}, {0, 3, 0, 0}, {0, 2, 1, 0}, {0, 2, 0, 1}, {0, 1, 2, 0}, {0, 1, 1, 1}, {0, 1, 0, 2}, {0, 0, 3, 0}, {0, 0, 2, 1}, {0, 0, 1, 2}, {0, 0, 0, 3}, {1, 0, 0, 0}, {1, 1, 0, 0}, {1, 0, 1, 0}, {1, 0, 0, 1}, {2, 0, 0, 0}}
alpha_index_times_count = 42
alpha_index_times = {{0, 0, 1, 25}, {1, 1, 1, 26}, {2, 2, 1, 26}, {3, 3, 1, 26}, {1, 4, 1, 27}, {2, 5, 1, 27}, {3, 6, 1, 27}, {1, 5, 1, 28}, {2, 7, 1, 28}, {3, 8, 1, 28}, {1, 6, 1, 29}, {2, 8, 1, 29}, {3, 9, 1, 29}, {4, 4, 1, 30}, {5, 5, 2, 30}, {6, 6, 2, 30}, {7, 7, 1, 30}, {8, 8, 2, 30}, {9, 9, 1, 30}, {10, 10, 1, 31}, {11, 11, 3, 31}, {12, 12, 3, 31}, {13, 13, 3, 31}, {14, 14, 6, 31}, {15, 15, 3, 31}, {16, 16, 1, 31}, {17, 17, 3, 31}, {18, 18, 3, 31}, {19, 19, 1, 31}, {0, 20, 1, 32}, {1, 21, 1, 33}, {2, 22, 1, 33}, {3, 23, 1, 33}, {0, 25, 1, 34}, {0, 26, 1, 35}, {0, 30, 1, 36}, {1, 27, 1, 37}, {2, 28, 1, 37}, {3, 29, 1, 37}, {0, 32, 1, 38}, {0, 34, 1, 39}, {0, 35, 1, 40}}
alpha_scalar_moments = 16
alpha_moment_mapping = {0, 20, 24, 25, 26, 30, 31, 32, 33, 34, 35, 36, 37, 38, 39, 40}
species_coeffs = {-2.205743809389782e+00}
moment_coeffs = {-1.614912370711776e+00, -1.659356317721936e+00, -5.560948151102504e-01, 4.593257721163067e-01, 2.617277797178232e+00, -6.739364834877995e+00, -2.535565273649828e-01, -3.740133383358608e-01, -1.108171514283275e+00, 1.371286762067337e-01, 6.732411808632718e+00, -2.474407503408698e+00, 1.852645696024935e+00, 1.740822168334398e-01, -1.568009171669526e-01, 2.629437034716440e+00}