MTP
version = 1.1.0
potential_name = MTP1m
scaling = 3.414639705327994e-02
species_count = 1
potential_tag = 
radial_basis_type = RBChebyshev
	min_dist = 2.000000000000000e+00
	max_dist = 5.000000000000000e+00
	radial_basis_size = 8
	radial_funcs_count = 3
	radial_coeffs
		0-0
			{-3.278280090495448e-01, -4.123068925368178e-01, -5.894856936460164e-01, -2.710092288714583e-01, 1.517373108251953e-02, 5.110188285092457e-01, -1.998832924598832e-01, 1.638966417860253e-02}
			{3.386782663115228e-01, 5.661871089019177e-01, -4.035962735848766e-01, -3.027974639532318e-01, 4.672336703394506e-01, 9.429625904163072e-02, 1.330489482777943e-01, -2.554443634286226e-01}
			{-9.605912206264469e-02, 1.077549558649937e-01, 3.277688679390774e-01, -5.003406561680582e-01, 3.073291075153028e-01, -1.177442323061210e-01, -5.983940815733385e-01, 3.936977893268263e-01}
alpha_moments_count = 41
alpha_index_basic_count = 25
alpha_index_basic = {{0, 0, 0, 0}, {0, 1, 0, 0}, {0, 0, 1, 0}, {0, 0, 0, 1}, {0, 2, 0, 0}, {0, 1, 1, 0}, {0, 1, 0, 1}, {0, 0, 2, 0}, {0, 0, 1, 1}, {0, 0, 0, 2}, {0, 3, 0, 0}, {0, 2, 1, 0}, {0, 2, 0, 1}, {0, 1, 2, 0}, {0, 1, 1, 1}, {0, 1, 0, 2}, {0, 0, 3, 0}, {0, 0, 2, 1}, {0, 0, 1, 2}, {0, 0, 0, 3}, {1, 0, 0, 0}, {1, 1, 0, 0}, {1, 0, 1, 0}, {1, 0, 0, 1}, {2, 0, 0, 0}}
alpha_index_times_count = 42
alpha_index_times = {{0, 0, 1, 25}, {1, 1, 1, 26}, {2, 2, 1, 26}, {3, 3, 1, 26}, {1, 4, 1, 27}, {2, 5, 1, 27}, {3, 6, 1, 27}, {1, 5, 1, 28}, {2, 7, 1, 28}, {3, 8, 1, 28}, {1, 6, 1, 29}, {2, 8, 1, 29}, {3, 9, 1, 29}, {4, 4, 1, 30}, {5, 5, 2, 30}, {6, 6, 2, 30}, {7, 7, 1, 30}, {8, 8, 2, 30}, {9, 9, 1, 30}, {10, 10, 1, 31}, {11, 11, 3, 31}, {12, 12, 3, 31}, {13, 13, 3, 31}, {14, 14, 6, 31}, {15, 15, 3, 31}, {16, 16, 1, 31}, {17, 17, 3, 31}, {18, 18, 3, 31}, {19, 19, 1, 31}, {0, 20, 1, 32}, {1, 21, 1, 33}, {2, 22, 1, 33}, {3, 23, 1, 33}, {0, 25, 1, 34}, {0, 26, 1, 35}, {0, 30, 1, 36}, {1, 27, 1, 37}, {2, 28, 1, 37}, {3, 29, 1, 37}, {0, 32, 1, 38}, {0, 34, 1, 39}, {0, 35, 1, 40}}
alpha_scalar_moments = 16
alpha_moment_mapping = {0, 20, 24, 25, 26, 30, 31, 32, 33, 34, 35, 36, 37, 38, 39, 40}
species_coeffs = {-2.536835435586428e+00}
moment_coeffs = {2.853577880782125e+00, -1.387756542907682e+00, -3.084719963266370e-02, 2.444452246477543e+00, -1.365019320005359e+00, 2.333467481477924e+00, 2.397186689726540e-01, -1.851344824427017e+00, -2.151706539071161e-01, 1.450012906116530e+00, -3.181692088364192e+00, 1.814854506840519e+00, -3.147946084934885e+00, -7.858746606398703e-01, 5.316152051288262e-01, -2.733042661408180e+00}