MTP
version = 1.1.0
potential_name = MTP1m
scaling = 4.097567646393594e-02
species_count = 1
potential_tag = 
radial_basis_type = RBChebyshev
	min_dist = 2.000000000000000e+00
	max_dist = 5.000000000000000e+00
	radial_basis_size = 8
	radial_funcs_count = 3
	radial_coeffs
		0-0
			{-3.571290124732242e-01, -7.034929316935880e-01, -1.055400190640945e-01, -1.713184225352788e-01, -4.750955897945330e-01, 1.755750304068985e-01, -1.461594520017573e-02, 2.833934166213848e-01}
			{-4.366474925967013e-01, -3.897435734738272e-01, 4.911175464939139e-01, 1.766899666553536e-01, 5.797098743813478e-01, -9.379384781407166e-02, 4.228289112125384e-02, -1.958939951336295e-01}
			{2.777121728714945e-01, -6.841712247234716e-02, 2.665699166616521e-01, -2.811696656874954e-01, 6.437623980837701e-02, -2.077708704142486e-01, 7.566128299587241e-01, 3.851014605491255e-01}
alpha_moments_count = 41
alpha_index_basic_count = 25
alpha_index_basic = {{0, 0, 0, 0}, {0, 1, 0, 0}, {0, 0, 1, 0}, {0, 0, 0, 1}, {0, 2, 0, 0}, {0, 1, 1, 0}, {0, 1, 0, 1}, {0, 0, 2, 0}, {0, 0, 1, 1}, {0, 0, 0, 2}, {0, 3, 0, 0}, {0, 2, 1, 0}, {0, 2, 0, 1}, {0, 1, 2, 0}, {0, 1, 1, 1}, {0, 1, 0, 2}, {0, 0, 3, 0}, {0, 0, 2, 1}, {0, 0, 1, 2}, {0, 0, 0, 3}, {1, 0, 0, 0}, {1, 1, 0, 0}, {1, 0, 1, 0}, {1, 0, 0, 1}, {2, 0, 0, 0}}
alpha_index_times_count = 42
alpha_index_times = {{0, 0, 1, 25}, {1, 1, 1, 26}, {2, 2, 1, 26}, {3, 3, 1, 26}, {1, 4, 1, 27}, {2, 5, 1, 27}, {3, 6, 1, 27}, {1, 5, 1, 28}, {2, 7, 1, 28}, {3, 8, 1, 28}, {1, 6, 1, 29}, {2, 8, 1, 29}, {3, 9, 1, 29}, {4, 4, 1, 30}, {5, 5, 2, 30}, {6, 6, 2, 30}, {7, 7, 1, 30}, {8, 8, 2, 30}, {9, 9, 1, 30}, {10, 10, 1, 31}, {11, 11, 3, 31}, {12, 12, 3, 31}, {13, 13, 3, 31}, {14, 14, 6, 31}, {15, 15, 3, 31}, {16, 16, 1, 31}, {17, 17, 3, 31}, {18, 18, 3, 31}, {19, 19, 1, 31}, {0, 20, 1, 32}, {1, 21, 1, 33}, {2, 22, 1, 33}, {3, 23, 1, 33}, {0, 25, 1, 34}, {0, 26, 1, 35}, {0, 30, 1, 36}, {1, 27, 1, 37}, {2, 28, 1, 37}, {3, 29, 1, 37}, {0, 32, 1, 38}, {0, 34, 1, 39}, {0, 35, 1, 40}}
alpha_scalar_moments = 16
alpha_moment_mapping = {0, 20, 24, 25, 26, 30, 31, 32, 33, 34, 35, 36, 37, 38, 39, 40}
species_coeffs = {-5.077163452192229e+00}
moment_coeffs = {-1.184401657305910e+01, -1.314969491914881e+00, -1.256005427498619e-01, -1.775181372130333e+01, -6.703878115945706e-01, 1.825639391198600e+00, 1.049619431762174e+00, -8.778508333102216e+00, -1.812376502786010e+00, -5.032146891981818e-01, 7.456381530301380e-01, 2.806629364005447e+00, 4.074482529443836e-01, -1.154316307224700e+01, 3.589124381153675e+00, -2.550789327052161e-02}