MTP
version = 1.1.0
potential_name = MTP1m
scaling = 1.372267114088219e-02
species_count = 1
potential_tag = 
radial_basis_type = RBChebyshev
	min_dist = 2.000000000000000e+00
	max_dist = 5.000000000000000e+00
	radial_basis_size = 8
	radial_funcs_count = 3
	radial_coeffs
		0-0
			{3.960486133698021e-01, -4.288230139684155e-02, -1.008942340193065e-01, 6.265085469550177e-01, -2.998286724283219e-01, -5.300388694206691e-01, -2.406570734673867e-01, -9.929619575783996e-02}
			{2.793894818382735e-01, -7.696849959709575e-01, 4.521892969429868e-01, -2.863657844880478e-01, 8.587361774898465e-02, -1.851463279376445e-01, -3.731692537862494e-02, -8.322424013120714e-05}
			{-5.826143670317129e-01, -6.556603729535364e-02, 4.452586635389443e-01, 3.906754184036167e-01, -7.746940594393938e-02, -2.483722139227590e-01, 4.413381832989022e-01, 2.071457837768325e-01}
alpha_moments_count = 41
alpha_index_basic_count = 25
alpha_index_basic = {{0, 0, 0, 0}, {0, 1, 0, 0}, {0, 0, 1, 0}, {0, 0, 0, 1}, {0, 2, 0, 0}, {0, 1, 1, 0}, {0, 1, 0, 1}, {0, 0, 2, 0}, {0, 0, 1, 1}, {0, 0, 0, 2}, {0, 3, 0, 0}, {0, 2, 1, 0}, {0, 2, 0, 1}, {0, 1, 2, 0}, {0, 1, 1, 1}, {0, 1, 0, 2}, {0, 0, 3, 0}, {0, 0, 2, 1}, {0, 0, 1, 2}, {0, 0, 0, 3}, {1, 0, 0, 0}, {1, 1, 0, 0}, {1, 0, 1, 0}, {1, 0, 0, 1}, {2, 0, 0, 0}}
alpha_index_times_count = 42
alpha_index_times = {{0, 0, 1, 25}, {1, 1, 1, 26}, {2, 2, 1, 26}, {3, 3, 1, 26}, {1, 4, 1, 27}, {2, 5, 1, 27}, {3, 6, 1, 27}, {1, 5, 1, 28}, {2, 7, 1, 28}, {3, 8, 1, 28}, {1, 6, 1, 29}, {2, 8, 1, 29}, {3, 9, 1, 29}, {4, 4, 1, 30}, {5, 5, 2, 30}, {6, 6, 2, 30}, {7, 7, 1, 30}, {8, 8, 2, 30}, {9, 9, 1, 30}, {10, 10, 1, 31}, {11, 11, 3, 31}, {12, 12, 3, 31}, {13, 13, 3, 31}, {14, 14, 6, 31}, {15, 15, 3, 31}, {16, 16, 1, 31}, {17, 17, 3, 31}, {18, 18, 3, 31}, {19, 19, 1, 31}, {0, 20, 1, 32}, {1, 21, 1, 33}, {2, 22, 1, 33}, {3, 23, 1, 33}, {0, 25, 1, 34}, {0, 26, 1, 35}, {0, 30, 1, 36}, {1, 27, 1, 37}, {2, 28, 1, 37}, {3, 29, 1, 37}, {0, 32, 1, 38}, {0, 34, 1, 39}, {0, 35, 1, 40}}
alpha_scalar_moments = 16
alpha_moment_mapping = {0, 20, 24, 25, 26, 30, 31, 32, 33, 34, 35, 36, 37, 38, 39, 40}
species_coeffs = {5.423392199047932e+01}
moment_coeffs = {-2.511847592127172e+02, 4.770394827347966e+00, -2.002409405586142e-01, 3.947548670879772e+02, -3.369858249450171e+02, 3.545614306418955e+01, -1.424501922582521e+00, 8.939730648519341e-03, 5.984627865726494e+00, -2.807614317250295e+02, 7.215398342648343e+02, -3.483406605621747e+01, 4.415412397533400e+01, -1.874357905814638e+00, 7.875294850572651e+01, -3.986751328279946e+02}