MTP
version = 1.1.0
potential_name = MTP1m
scaling = 1.223527143104892e-01
species_count = 1
potential_tag = 
radial_basis_type = RBChebyshev
	min_dist = 2.000000000000000e+00
	max_dist = 5.000000000000000e+00
	radial_basis_size = 8
	radial_funcs_count = 3
	radial_coeffs
		0-0
			{1.676962441046601e-01, 9.533509817254112e-01, 5.936082833163561e-02, 1.918992133240995e-01, -1.415363218806264e-01, 4.334899454002687e-02, 1.143144680129100e-03, 2.716405755537428e-02}
			{5.201341264124922e-01, -2.473957027186150e-01, -1.840882176718841e-01, 7.538249576540099e-01, -1.959703872284993e-02, 1.789931618342780e-01, -8.203012342258074e-02, 1.642065171999414e-01}
			{-3.940444365775855e-01, 4.666460923641475e-02, 2.058676217529683e-01, 5.188050405784058e-01, 4.886710945110129e-01, -3.652831005170757e-01, 3.414929670561926e-01, -2.053353816283987e-01}
alpha_moments_count = 41
alpha_index_basic_count = 25
alpha_index_basic = {{0, 0, 0, 0}, {0, 1, 0, 0}, {0, 0, 1, 0}, {0, 0, 0, 1}, {0, 2, 0, 0}, {0, 1, 1, 0}, {0, 1, 0, 1}, {0, 0, 2, 0}, {0, 0, 1, 1}, {0, 0, 0, 2}, {0, 3, 0, 0}, {0, 2, 1, 0}, {0, 2, 0, 1}, {0, 1, 2, 0}, {0, 1, 1, 1}, {0, 1, 0, 2}, {0, 0, 3, 0}, {0, 0, 2, 1}, {0, 0, 1, 2}, {0, 0, 0, 3}, {1, 0, 0, 0}, {1, 1, 0, 0}, {1, 0, 1, 0}, {1, 0, 0, 1}, {2, 0, 0, 0}}
alpha_index_times_count = 42
alpha_index_times = {{0, 0, 1, 25}, {1, 1, 1, 26}, {2, 2, 1, 26}, {3, 3, 1, 26}, {1, 4, 1, 27}, {2, 5, 1, 27}, {3, 6, 1, 27}, {1, 5, 1, 28}, {2, 7, 1, 28}, {3, 8, 1, 28}, {1, 6, 1, 29}, {2, 8, 1, 29}, {3, 9, 1, 29}, {4, 4, 1, 30}, {5, 5, 2, 30}, {6, 6, 2, 30}, {7, 7, 1, 30}, {8, 8, 2, 30}, {9, 9, 1, 30}, {10, 10, 1, 31}, {11, 11, 3, 31}, {12, 12, 3, 31}, {13, 13, 3, 31}, {14, 14, 6, 31}, {15, 15, 3, 31}, {16, 16, 1, 31}, {17, 17, 3, 31}, {18, 18, 3, 31}, {19, 19, 1, 31}, {0, 20, 1, 32}, {1, 21, 1, 33}, {2, 22, 1, 33}, {3, 23, 1, 33}, {0, 25, 1, 34}, {0, 26, 1, 35}, {0, 30, 1, 36}, {1, 27, 1, 37}, {2, 28, 1, 37}, {3, 29, 1, 37}, {0, 32, 1, 38}, {0, 34, 1, 39}, {0, 35, 1, 40}}
alpha_scalar_moments = 16
alpha_moment_mapping = {0, 20, 24, 25, 26, 30, 31, 32, 33, 34, 35, 36, 37, 38, 39, 40}
species_coeffs = {-3.217473162435214e+00}
moment_coeffs = {8.640587858299588e+00, 6.453011379390824e-02, -6.606159209933710e-02, 2.889122673665513e+01, 3.643708111530958e+00, 1.054603087891978e+01, 1.912940152826560e+00, -3.525803799445577e-02, -4.130063844499925e-01, 3.912484162938166e+01, 2.556184207512840e+01, 1.965116774057293e+01, -8.106398957829590e+00, -4.052648174986042e-01, 2.805071013831924e+01, 2.457193470014611e+01}