MTP
version = 1.1.0
potential_name = MTP1m
scaling = 2.845533087773329e-02
species_count = 1
potential_tag = 
radial_basis_type = RBChebyshev
	min_dist = 2.000000000000000e+00
	max_dist = 5.000000000000000e+00
	radial_basis_size = 8
	radial_funcs_count = 3
	radial_coeffs
		0-0
			{-4.763708621472210e-01, 1.283733741108438e-01, 6.768727834496282e-01, 2.952612016947542e-01, -2.658292373450122e-01, 3.704634176405454e-02, -1.038940335434711e-01, 3.583623172767630e-01}
			{-3.581314669821096e-01, -8.242483473540080e-01, -5.146102937617860e-02, 1.537626194991521e-01, 4.306814783276645e-02, 5.651551683102773e-02, -2.966696408606591e-01, -2.701917614082933e-01}
			{-5.239887587004105e-01, 3.453135595660329e-01, -2.922130109115890e-01, 2.000487471489642e-01, 6.736512169295242e-01, -9.469455789782825e-02, -1.283777243633928e-01, 3.914740188997302e-02}
alpha_moments_count = 41
alpha_index_basic_count = 25
alpha_index_basic = {{0, 0, 0, 0}, {0, 1, 0, 0}, {0, 0, 1, 0}, {0, 0, 0, 1}, {0, 2, 0, 0}, {0, 1, 1, 0}, {0, 1, 0, 1}, {0, 0, 2, 0}, {0, 0, 1, 1}, {0, 0, 0, 2}, {0, 3, 0, 0}, {0, 2, 1, 0}, {0, 2, 0, 1}, {0, 1, 2, 0}, {0, 1, 1, 1}, {0, 1, 0, 2}, {0, 0, 3, 0}, {0, 0, 2, 1}, {0, 0, 1, 2}, {0, 0, 0, 3}, {1, 0, 0, 0}, {1, 1, 0, 0}, {1, 0, 1, 0}, {1, 0, 0, 1}, {2, 0, 0, 0}}
alpha_index_times_count = 42
alpha_index_times = {{0, 0, 1, 25}, {1, 1, 1, 26}, {2, 2, 1, 26}, {3, 3, 1, 26}, {1, 4, 1, 27}, {2, 5, 1, 27}, {3, 6, 1, 27}, {1, 5, 1, 28}, {2, 7, 1, 28}, {3, 8, 1, 28}, {1, 6, 1, 29}, {2, 8, 1, 29}, {3, 9, 1, 29}, {4, 4, 1, 30}, {5, 5, 2, 30}, {6, 6, 2, 30}, {7, 7, 1, 30}, {8, 8, 2, 30}, {9, 9, 1, 30}, {10, 10, 1, 31}, {11, 11, 3, 31}, {12, 12, 3, 31}, {13, 13, 3, 31}, {14, 14, 6, 31}, {15, 15, 3, 31}, {16, 16, 1, 31}, {17, 17, 3, 31}, {18, 18, 3, 31}, {19, 19, 1, 31}, {0, 20, 1, 32}, {1, 21, 1, 33}, {2, 22, 1, 33}, {3, 23, 1, 33}, {0, 25, 1, 34}, {0, 26, 1, 35}, {0, 30, 1, 36}, {1, 27, 1, 37}, {2, 28, 1, 37}, {3, 29, 1, 37}, {0, 32, 1, 38}, {0, 34, 1, 39}, {0, 35, 1, 40}}
alpha_scalar_moments = 16
alpha_moment_mapping = {0, 20, 24, 25, 26, 30, 31, 32, 33, 34, 35, 36, 37, 38, 39, 40}
species_coeffs = {-5.369647864123825e-01}
moment_coeffs = {1.196065678495261e+01, -5.537884327925853e+00, 1.286217937130562e+00, 1.891371973107959e+01, -1.324457740854879e+01, -2.541807937374533e+00, -1.917230317502747e+00, -9.840874312465694e+00, -3.830165998461722e+00, 1.456789519432216e+01, -3.044718795370042e+01, -4.660504146951499e+00, -2.491314341199070e+00, -5.010923705798120e+00, 3.754676850484302e+00, -1.858873658275668e+01}