MTP
version = 1.1.0
potential_name = MTP1m
scaling = 3.130086396550662e-02
species_count = 1
potential_tag = 
radial_basis_type = RBChebyshev
	min_dist = 2.000000000000000e+00
	max_dist = 5.000000000000000e+00
	radial_basis_size = 8
	radial_funcs_count = 3
	radial_coeffs
		0-0
			{-4.278565036468557e-01, 3.739275102190834e-01, -5.125318351046269e-01, -4.085887816253847e-01, 4.954209614930554e-01, 3.306510529904898e-02, 1.856740917196598e-02, -2.456369605969166e-02}
			{2.044899218040729e-01, 2.925090114367662e-01, 4.145681658808367e-01, -7.750386704804072e-01, -2.440271710530663e-01, 2.857487235560931e-02, -1.111942881730956e-01, 1.653502075668146e-01}
			{2.486714591573451e-02, 3.280917217961407e-01, -3.260952607482308e-01, 2.438406305725230e-02, -5.828634541440063e-01, 1.742285163040480e-01, -9.920993225729526e-02, -6.362992629262771e-01}
alpha_moments_count = 41
alpha_index_basic_count = 25
alpha_index_basic = {{0, 0, 0, 0}, {0, 1, 0, 0}, {0, 0, 1, 0}, {0, 0, 0, 1}, {0, 2, 0, 0}, {0, 1, 1, 0}, {0, 1, 0, 1}, {0, 0, 2, 0}, {0, 0, 1, 1}, {0, 0, 0, 2}, {0, 3, 0, 0}, {0, 2, 1, 0}, {0, 2, 0, 1}, {0, 1, 2, 0}, {0, 1, 1, 1}, {0, 1, 0, 2}, {0, 0, 3, 0}, {0, 0, 2, 1}, {0, 0, 1, 2}, {0, 0, 0, 3}, {1, 0, 0, 0}, {1, 1, 0, 0}, {1, 0, 1, 0}, {1, 0, 0, 1}, {2, 0, 0, 0}}
alpha_index_times_count = 42
alpha_index_times = {{0, 0, 1, 25}, {1, 1, 1, 26}, {2, 2, 1, 26}, {3, 3, 1, 26}, {1, 4, 1, 27}, {2, 5, 1, 27}, {3, 6, 1, 27}, {1, 5, 1, 28}, {2, 7, 1, 28}, {3, 8, 1, 28}, {1, 6, 1, 29}, {2, 8, 1, 29}, {3, 9, 1, 29}, {4, 4, 1, 30}, {5, 5, 2, 30}, {6, 6, 2, 30}, {7, 7, 1, 30}, {8, 8, 2, 30}, {9, 9, 1, 30}, {10, 10, 1, 31}, {11, 11, 3, 31}, {12, 12, 3, 31}, {13, 13, 3, 31}, {14, 14, 6, 31}, {15, 15, 3, 31}, {16, 16, 1, 31}, {17, 17, 3, 31}, {18, 18, 3, 31}, {19, 19, 1, 31}, {0, 20, 1, 32}, {1, 21, 1, 33}, {2, 22, 1, 33}, {3, 23, 1, 33}, {0, 25, 1, 34}, {0, 26, 1, 35}, {0, 30, 1, 36}, {1, 27, 1, 37}, {2, 28, 1, 37}, {3, 29, 1, 37}, {0, 32, 1, 38}, {0, 34, 1, 39}, {0, 35, 1, 40}}
alpha_scalar_moments = 16
alpha_moment_mapping = {0, 20, 24, 25, 26, 30, 31, 32, 33, 34, 35, 36, 37, 38, 39, 40}
species_coeffs = {-4.963770995524131e+00}
moment_coeffs = {-5.103332831198504e+00, -5.671823322524058e-01, -2.952820689699294e-01, -1.476342166459656e+01, -7.600191266848507e+00, 2.712510928526591e+00, -9.911213778806117e-01, -5.497211711735862e-01, 1.621318096795069e+00, -1.386682040703693e+01, -1.859559005955331e+01, 1.021059741481082e+00, 4.448784095355761e+00, -1.931524488878623e-01, -4.589687186283548e+00, -9.465839034645844e+00}