MTP
version = 1.1.0
potential_name = MTP1m
scaling = 3.443095036205729e-02
species_count = 1
potential_tag = 
radial_basis_type = RBChebyshev
	min_dist = 2.000000000000000e+00
	max_dist = 5.000000000000000e+00
	radial_basis_size = 8
	radial_funcs_count = 3
	radial_coeffs
		0-0
			{-1.014782444238371e-01, -5.877392060993135e-01, 7.124244917749993e-01, 2.755862607154755e-01, 1.148166823877460e-01, 1.959114595620898e-01, 3.360049787134927e-03, 9.587954249761409e-02}
			{1.276436673429640e-01, -5.766600758693557e-02, 7.315357855342887e-03, -2.699862688496119e-01, 6.320589519544817e-01, -4.084129855985947e-01, 8.447697676816159e-02, 5.779269676811174e-01}
			{-4.644105636475455e-01, 4.534194706926641e-01, 2.387049812508472e-02, 3.346313965202166e-01, 6.009245318582306e-01, 2.850569848933447e-01, 1.281160843860500e-02, -1.537976723336248e-01}
alpha_moments_count = 41
alpha_index_basic_count = 25
alpha_index_basic = {{0, 0, 0, 0}, {0, 1, 0, 0}, {0, 0, 1, 0}, {0, 0, 0, 1}, {0, 2, 0, 0}, {0, 1, 1, 0}, {0, 1, 0, 1}, {0, 0, 2, 0}, {0, 0, 1, 1}, {0, 0, 0, 2}, {0, 3, 0, 0}, {0, 2, 1, 0}, {0, 2, 0, 1}, {0, 1, 2, 0}, {0, 1, 1, 1}, {0, 1, 0, 2}, {0, 0, 3, 0}, {0, 0, 2, 1}, {0, 0, 1, 2}, {0, 0, 0, 3}, {1, 0, 0, 0}, {1, 1, 0, 0}, {1, 0, 1, 0}, {1, 0, 0, 1}, {2, 0, 0, 0}}
alpha_index_times_count = 42
alpha_index_times = {{0, 0, 1, 25}, {1, 1, 1, 26}, {2, 2, 1, 26}, {3, 3, 1, 26}, {1, 4, 1, 27}, {2, 5, 1, 27}, {3, 6, 1, 27}, {1, 5, 1, 28}, {2, 7, 1, 28}, {3, 8, 1, 28}, {1, 6, 1, 29}, {2, 8, 1, 29}, {3, 9, 1, 29}, {4, 4, 1, 30}, {5, 5, 2, 30}, {6, 6, 2, 30}, {7, 7, 1, 30}, {8, 8, 2, 30}, {9, 9, 1, 30}, {10, 10, 1, 31}, {11, 11, 3, 31}, {12, 12, 3, 31}, {13, 13, 3, 31}, {14, 14, 6, 31}, {15, 15, 3, 31}, {16, 16, 1, 31}, {17, 17, 3, 31}, {18, 18, 3, 31}, {19, 19, 1, 31}, {0, 20, 1, 32}, {1, 21, 1, 33}, {2, 22, 1, 33}, {3, 23, 1, 33}, {0, 25, 1, 34}, {0, 26, 1, 35}, {0, 30, 1, 36}, {1, 27, 1, 37}, {2, 28, 1, 37}, {3, 29, 1, 37}, {0, 32, 1, 38}, {0, 34, 1, 39}, {0, 35, 1, 40}}
alpha_scalar_moments = 16
alpha_moment_mapping = {0, 20, 24, 25, 26, 30, 31, 32, 33, 34, 35, 36, 37, 38, 39, 40}
species_coeffs = {-3.803426495658315e+00}
moment_coeffs = {-6.463876580586250e-01, 6.022349010761978e-01, 8.460721538403312e-01, -2.850671620833780e-01, -1.674683413049022e+00, 1.047417974768149e+00, -1.148626188536142e+00, -2.365673011636732e-01, 3.219799297710754e-02, -7.388393555070034e-02, 2.868029747433812e+00, 1.329450148149965e-01, 2.156680790424808e+00, 1.324214990772156e-01, 9.083893678950613e-01, 1.321138640436152e+00}