MTP
version = 1.1.0
potential_name = MTP1m
scaling = 3.756103675860795e-02
species_count = 1
potential_tag = 
radial_basis_type = RBChebyshev
	min_dist = 2.000000000000000e+00
	max_dist = 5.000000000000000e+00
	radial_basis_size = 8
	radial_funcs_count = 3
	radial_coeffs
		0-0
			{9.816454425163243e-02, -5.489447206122068e-01, 7.441535145257231e-01, 2.841264205306657e-01, 1.311196308857495e-01, 1.806633142906216e-01, 4.544629280383945e-02, 5.132429128202447e-02}
			{-2.584694252785031e-01, 1.593794068491888e-01, -2.211528099674061e-01, 8.623253917465467e-01, 1.582010010482392e-03, 5.907050181521744e-02, 1.229775511650560e-01, 3.109064303457836e-01}
			{1.586971703754340e-01, -1.302021590775625e-01, 4.617500791873808e-03, 1.130323190112821e-01, -9.640911214091261e-01, 5.806022173962786e-02, -2.555678612193582e-02, -1.075599813429561e-01}
alpha_moments_count = 41
alpha_index_basic_count = 25
alpha_index_basic = {{0, 0, 0, 0}, {0, 1, 0, 0}, {0, 0, 1, 0}, {0, 0, 0, 1}, {0, 2, 0, 0}, {0, 1, 1, 0}, {0, 1, 0, 1}, {0, 0, 2, 0}, {0, 0, 1, 1}, {0, 0, 0, 2}, {0, 3, 0, 0}, {0, 2, 1, 0}, {0, 2, 0, 1}, {0, 1, 2, 0}, {0, 1, 1, 1}, {0, 1, 0, 2}, {0, 0, 3, 0}, {0, 0, 2, 1}, {0, 0, 1, 2}, {0, 0, 0, 3}, {1, 0, 0, 0}, {1, 1, 0, 0}, {1, 0, 1, 0}, {1, 0, 0, 1}, {2, 0, 0, 0}}
alpha_index_times_count = 42
alpha_index_times = {{0, 0, 1, 25}, {1, 1, 1, 26}, {2, 2, 1, 26}, {3, 3, 1, 26}, {1, 4, 1, 27}, {2, 5, 1, 27}, {3, 6, 1, 27}, {1, 5, 1, 28}, {2, 7, 1, 28}, {3, 8, 1, 28}, {1, 6, 1, 29}, {2, 8, 1, 29}, {3, 9, 1, 29}, {4, 4, 1, 30}, {5, 5, 2, 30}, {6, 6, 2, 30}, {7, 7, 1, 30}, {8, 8, 2, 30}, {9, 9, 1, 30}, {10, 10, 1, 31}, {11, 11, 3, 31}, {12, 12, 3, 31}, {13, 13, 3, 31}, {14, 14, 6, 31}, {15, 15, 3, 31}, {16, 16, 1, 31}, {17, 17, 3, 31}, {18, 18, 3, 31}, {19, 19, 1, 31}, {0, 20, 1, 32}, {1, 21, 1, 33}, {2, 22, 1, 33}, {3, 23, 1, 33}, {0, 25, 1, 34}, {0, 26, 1, 35}, {0, 30, 1, 36}, {1, 27, 1, 37}, {2, 28, 1, 37}, {3, 29, 1, 37}, {0, 32, 1, 38}, {0, 34, 1, 39}, {0, 35, 1, 40}}
alpha_scalar_moments = 16
alpha_moment_mapping = {0, 20, 24, 25, 26, 30, 31, 32, 33, 34, 35, 36, 37, 38, 39, 40}
species_coeffs = {-3.839886516628492e+00}
moment_coeffs = {-3.824054453024699e-01, 6.340765353673860e-01, -8.315900002288015e-01, -1.303004443694703e+00, -1.987140709390610e+00, 1.368835832100494e+00, -1.381520158571416e+00, -1.945100927182297e+00, -3.088767411375464e-01, 2.042714109325235e+00, -2.203431066457529e+00, -1.642915242169931e+00, 2.827809949476864e+00, 2.088465394263584e+00, -3.274867961697266e-01, 7.198731445887456e+00}