MTP
version = 1.1.0
potential_name = MTP1m
scaling = 3.104217913934541e-02
species_count = 1
potential_tag = 
radial_basis_type = RBChebyshev
	min_dist = 2.000000000000000e+00
	max_dist = 5.000000000000000e+00
	radial_basis_size = 8
	radial_funcs_count = 3
	radial_coeffs
		0-0
			{-4.353961424913912e-01, 5.351835471817213e-01, -5.234254518097078e-01, -3.595136392102714e-01, 5.468527718412856e-02, -2.032834762209830e-01, -2.490970471195914e-01, -1.200854638176695e-01}
			{2.829086719014517e-02, 1.250198329160694e-01, -1.372689800749744e-01, 5.016262253126034e-01, -7.654715154185731e-01, 7.511236592168572e-03, -2.918783450605943e-01, -2.046997720844159e-01}
			{4.750350400115710e-01, 1.196374022714679e-01, -2.528994189022771e-01, 4.627757429333626e-01, 5.438569038798307e-01, -2.589520439205892e-01, -2.858903560361092e-01, -1.932338194712447e-01}
alpha_moments_count = 41
alpha_index_basic_count = 25
alpha_index_basic = {{0, 0, 0, 0}, {0, 1, 0, 0}, {0, 0, 1, 0}, {0, 0, 0, 1}, {0, 2, 0, 0}, {0, 1, 1, 0}, {0, 1, 0, 1}, {0, 0, 2, 0}, {0, 0, 1, 1}, {0, 0, 0, 2}, {0, 3, 0, 0}, {0, 2, 1, 0}, {0, 2, 0, 1}, {0, 1, 2, 0}, {0, 1, 1, 1}, {0, 1, 0, 2}, {0, 0, 3, 0}, {0, 0, 2, 1}, {0, 0, 1, 2}, {0, 0, 0, 3}, {1, 0, 0, 0}, {1, 1, 0, 0}, {1, 0, 1, 0}, {1, 0, 0, 1}, {2, 0, 0, 0}}
alpha_index_times_count = 42
alpha_index_times = {{0, 0, 1, 25}, {1, 1, 1, 26}, {2, 2, 1, 26}, {3, 3, 1, 26}, {1, 4, 1, 27}, {2, 5, 1, 27}, {3, 6, 1, 27}, {1, 5, 1, 28}, {2, 7, 1, 28}, {3, 8, 1, 28}, {1, 6, 1, 29}, {2, 8, 1, 29}, {3, 9, 1, 29}, {4, 4, 1, 30}, {5, 5, 2, 30}, {6, 6, 2, 30}, {7, 7, 1, 30}, {8, 8, 2, 30}, {9, 9, 1, 30}, {10, 10, 1, 31}, {11, 11, 3, 31}, {12, 12, 3, 31}, {13, 13, 3, 31}, {14, 14, 6, 31}, {15, 15, 3, 31}, {16, 16, 1, 31}, {17, 17, 3, 31}, {18, 18, 3, 31}, {19, 19, 1, 31}, {0, 20, 1, 32}, {1, 21, 1, 33}, {2, 22, 1, 33}, {3, 23, 1, 33}, {0, 25, 1, 34}, {0, 26, 1, 35}, {0, 30, 1, 36}, {1, 27, 1, 37}, {2, 28, 1, 37}, {3, 29, 1, 37}, {0, 32, 1, 38}, {0, 34, 1, 39}, {0, 35, 1, 40}}
alpha_scalar_moments = 16
alpha_moment_mapping = {0, 20, 24, 25, 26, 30, 31, 32, 33, 34, 35, 36, 37, 38, 39, 40}
species_coeffs = {-1.677365313140281e+01}
moment_coeffs = {-6.736453016712250e+01, -1.621515154962417e+00, 2.429702196057935e-01, -1.332944965008602e+02, -5.200071460119054e+01, 3.672108733654001e+00, -2.656230840152652e+00, -3.435191426150009e+00, 4.835370668918477e-01, -1.109488426031943e+02, -1.281031201927148e+02, 1.500730216708387e+00, 1.592564624493388e+01, -2.432204157288506e+00, -3.329207509108870e+01, -7.225430125580384e+01}