MTP
version = 1.1.0
potential_name = MTP1m
scaling = 7.788656582264944e-02
species_count = 1
potential_tag = 
radial_basis_type = RBChebyshev
	min_dist = 2.000000000000000e+00
	max_dist = 5.000000000000000e+00
	radial_basis_size = 8
	radial_funcs_count = 3
	radial_coeffs
		0-0
			{-4.947771761384473e-01, -2.385357065164684e-01, -6.938040151320574e-01, -2.763670013416729e-01, -3.706412253928622e-01, -2.446516096548624e-02, -3.914953871563209e-02, 3.236329096004424e-02}
			{-3.825900833403991e-01, -1.323349122084063e-02, 5.226358614552667e-02, 8.530943983508728e-01, -1.722790553499452e-01, -8.118008261332484e-02, -2.826118681348962e-01, 8.251315270424719e-02}
			{-1.318675933782284e-01, 9.095823500023216e-01, -2.672471936492110e-01, 7.126629166965340e-02, -1.905758067248752e-03, 8.889690565231746e-02, 2.538812711570750e-01, -8.005590013525098e-02}
alpha_moments_count = 41
alpha_index_basic_count = 25
alpha_index_basic = {{0, 0, 0, 0}, {0, 1, 0, 0}, {0, 0, 1, 0}, {0, 0, 0, 1}, {0, 2, 0, 0}, {0, 1, 1, 0}, {0, 1, 0, 1}, {0, 0, 2, 0}, {0, 0, 1, 1}, {0, 0, 0, 2}, {0, 3, 0, 0}, {0, 2, 1, 0}, {0, 2, 0, 1}, {0, 1, 2, 0}, {0, 1, 1, 1}, {0, 1, 0, 2}, {0, 0, 3, 0}, {0, 0, 2, 1}, {0, 0, 1, 2}, {0, 0, 0, 3}, {1, 0, 0, 0}, {1, 1, 0, 0}, {1, 0, 1, 0}, {1, 0, 0, 1}, {2, 0, 0, 0}}
alpha_index_times_count = 42
alpha_index_times = {{0, 0, 1, 25}, {1, 1, 1, 26}, {2, 2, 1, 26}, {3, 3, 1, 26}, {1, 4, 1, 27}, {2, 5, 1, 27}, {3, 6, 1, 27}, {1, 5, 1, 28}, {2, 7, 1, 28}, {3, 8, 1, 28}, {1, 6, 1, 29}, {2, 8, 1, 29}, {3, 9, 1, 29}, {4, 4, 1, 30}, {5, 5, 2, 30}, {6, 6, 2, 30}, {7, 7, 1, 30}, {8, 8, 2, 30}, {9, 9, 1, 30}, {10, 10, 1, 31}, {11, 11, 3, 31}, {12, 12, 3, 31}, {13, 13, 3, 31}, {14, 14, 6, 31}, {15, 15, 3, 31}, {16, 16, 1, 31}, {17, 17, 3, 31}, {18, 18, 3, 31}, {19, 19, 1, 31}, {0, 20, 1, 32}, {1, 21, 1, 33}, {2, 22, 1, 33}, {3, 23, 1, 33}, {0, 25, 1, 34}, {0, 26, 1, 35}, {0, 30, 1, 36}, {1, 27, 1, 37}, {2, 28, 1, 37}, {3, 29, 1, 37}, {0, 32, 1, 38}, {0, 34, 1, 39}, {0, 35, 1, 40}}
alpha_scalar_moments = 16
alpha_moment_mapping = {0, 20, 24, 25, 26, 30, 31, 32, 33, 34, 35, 36, 37, 38, 39, 40}
species_coeffs = {-7.818571183737123e+01}
moment_coeffs = {-4.057465068092072e+02, -1.476204266139049e+00, -3.932644018401722e-01, -8.157731240708374e+02, -4.563140945093377e+02, -2.911161684879672e+01, -1.391308966592263e+01, -1.024176510303199e+00, -1.448832830394931e+00, -7.297589583428378e+02, -1.379197572777545e+03, -4.784669781101184e+01, 5.665111044017738e+01, 1.001625359461284e+00, -2.534001412333630e+02, -9.871384808698374e+02}