MTP
version = 1.1.0
potential_name = MTP1m
scaling = 1.992531849656093e-02
species_count = 1
potential_tag = 
radial_basis_type = RBChebyshev
	min_dist = 2.000000000000000e+00
	max_dist = 5.000000000000000e+00
	radial_basis_size = 8
	radial_funcs_count = 3
	radial_coeffs
		0-0
			{-5.464673499729481e-01, 6.257900063593275e-01, -1.812850817581119e-01, 4.589760376230992e-01, -1.796443831188215e-01, 1.652879504043950e-01, -2.169618409079167e-02, 7.857533477473214e-02}
			{-1.474186621986133e-01, -3.269893749540529e-01, -8.375592028474805e-01, -2.219819847132409e-01, -3.392748020327759e-01, 6.667737458374329e-02, -2.421089881254095e-02, 2.061152332850217e-02}
			{1.437279642274153e-01, 5.858173355862824e-01, -2.622094894293829e-01, -4.805415564537867e-01, 2.367421559927313e-01, -2.952221431810836e-01, 3.952109818702263e-01, -1.925918860192170e-01}
alpha_moments_count = 41
alpha_index_basic_count = 25
alpha_index_basic = {{0, 0, 0, 0}, {0, 1, 0, 0}, {0, 0, 1, 0}, {0, 0, 0, 1}, {0, 2, 0, 0}, {0, 1, 1, 0}, {0, 1, 0, 1}, {0, 0, 2, 0}, {0, 0, 1, 1}, {0, 0, 0, 2}, {0, 3, 0, 0}, {0, 2, 1, 0}, {0, 2, 0, 1}, {0, 1, 2, 0}, {0, 1, 1, 1}, {0, 1, 0, 2}, {0, 0, 3, 0}, {0, 0, 2, 1}, {0, 0, 1, 2}, {0, 0, 0, 3}, {1, 0, 0, 0}, {1, 1, 0, 0}, {1, 0, 1, 0}, {1, 0, 0, 1}, {2, 0, 0, 0}}
alpha_index_times_count = 42
alpha_index_times = {{0, 0, 1, 25}, {1, 1, 1, 26}, {2, 2, 1, 26}, {3, 3, 1, 26}, {1, 4, 1, 27}, {2, 5, 1, 27}, {3, 6, 1, 27}, {1, 5, 1, 28}, {2, 7, 1, 28}, {3, 8, 1, 28}, {1, 6, 1, 29}, {2, 8, 1, 29}, {3, 9, 1, 29}, {4, 4, 1, 30}, {5, 5, 2, 30}, {6, 6, 2, 30}, {7, 7, 1, 30}, {8, 8, 2, 30}, {9, 9, 1, 30}, {10, 10, 1, 31}, {11, 11, 3, 31}, {12, 12, 3, 31}, {13, 13, 3, 31}, {14, 14, 6, 31}, {15, 15, 3, 31}, {16, 16, 1, 31}, {17, 17, 3, 31}, {18, 18, 3, 31}, {19, 19, 1, 31}, {0, 20, 1, 32}, {1, 21, 1, 33}, {2, 22, 1, 33}, {3, 23, 1, 33}, {0, 25, 1, 34}, {0, 26, 1, 35}, {0, 30, 1, 36}, {1, 27, 1, 37}, {2, 28, 1, 37}, {3, 29, 1, 37}, {0, 32, 1, 38}, {0, 34, 1, 39}, {0, 35, 1, 40}}
alpha_scalar_moments = 16
alpha_moment_mapping = {0, 20, 24, 25, 26, 30, 31, 32, 33, 34, 35, 36, 37, 38, 39, 40}
species_coeffs = {-7.840035605246563e+01}
moment_coeffs = {-1.151226466916942e+02, 4.262580634561696e+02, -7.158825268807685e-01, 3.405557055329285e+02, 2.697198582490441e+02, 3.170714664975893e+02, 1.693094792074037e+01, 1.779908611719334e+03, 2.611390723590966e+02, 4.533977329705227e+02, -5.255112926562884e+02, 5.392842125157765e+02, -6.773679559116911e+01, 1.857908298306345e+03, -2.490792025233881e+02, -1.028761831576792e+03}