MTP
version = 1.1.0
potential_name = MTP1m
scaling = 4.470073796065736e-02
species_count = 1
potential_tag = 
radial_basis_type = RBChebyshev
	min_dist = 2.000000000000000e+00
	max_dist = 5.000000000000000e+00
	radial_basis_size = 8
	radial_funcs_count = 3
	radial_coeffs
		0-0
			{3.189495288987678e-01, -6.342889323890614e-01, 4.477474653949173e-01, -4.233027752257850e-01, 2.523254019128908e-01, -2.077710719172144e-01, 6.562485328300029e-02, -7.170890487261168e-02}
			{4.770632031138162e-01, 4.897571563519472e-01, 5.247476218284605e-01, 2.884292459851952e-01, 3.393968815886602e-01, 2.245274389545697e-01, 9.116225163455512e-02, -9.152075389771520e-03}
			{6.209835343507216e-01, 2.848189668118124e-01, -3.107852494229368e-01, -5.378929945190497e-01, -3.160459100626872e-01, 2.527929113320027e-02, -1.600550520789332e-01, 1.456007591822617e-01}
alpha_moments_count = 41
alpha_index_basic_count = 25
alpha_index_basic = {{0, 0, 0, 0}, {0, 1, 0, 0}, {0, 0, 1, 0}, {0, 0, 0, 1}, {0, 2, 0, 0}, {0, 1, 1, 0}, {0, 1, 0, 1}, {0, 0, 2, 0}, {0, 0, 1, 1}, {0, 0, 0, 2}, {0, 3, 0, 0}, {0, 2, 1, 0}, {0, 2, 0, 1}, {0, 1, 2, 0}, {0, 1, 1, 1}, {0, 1, 0, 2}, {0, 0, 3, 0}, {0, 0, 2, 1}, {0, 0, 1, 2}, {0, 0, 0, 3}, {1, 0, 0, 0}, {1, 1, 0, 0}, {1, 0, 1, 0}, {1, 0, 0, 1}, {2, 0, 0, 0}}
alpha_index_times_count = 42
alpha_index_times = {{0, 0, 1, 25}, {1, 1, 1, 26}, {2, 2, 1, 26}, {3, 3, 1, 26}, {1, 4, 1, 27}, {2, 5, 1, 27}, {3, 6, 1, 27}, {1, 5, 1, 28}, {2, 7, 1, 28}, {3, 8, 1, 28}, {1, 6, 1, 29}, {2, 8, 1, 29}, {3, 9, 1, 29}, {4, 4, 1, 30}, {5, 5, 2, 30}, {6, 6, 2, 30}, {7, 7, 1, 30}, {8, 8, 2, 30}, {9, 9, 1, 30}, {10, 10, 1, 31}, {11, 11, 3, 31}, {12, 12, 3, 31}, {13, 13, 3, 31}, {14, 14, 6, 31}, {15, 15, 3, 31}, {16, 16, 1, 31}, {17, 17, 3, 31}, {18, 18, 3, 31}, {19, 19, 1, 31}, {0, 20, 1, 32}, {1, 21, 1, 33}, {2, 22, 1, 33}, {3, 23, 1, 33}, {0, 25, 1, 34}, {0, 26, 1, 35}, {0, 30, 1, 36}, {1, 27, 1, 37}, {2, 28, 1, 37}, {3, 29, 1, 37}, {0, 32, 1, 38}, {0, 34, 1, 39}, {0, 35, 1, 40}}
alpha_scalar_moments = 16
alpha_moment_mapping = {0, 20, 24, 25, 26, 30, 31, 32, 33, 34, 35, 36, 37, 38, 39, 40}
species_coeffs = {-3.055282459681804e+00}
moment_coeffs = {-1.640042985214519e+02, 1.005072095371301e+02, 4.462686578193476e-01, 1.657101958289107e+03, 7.846777111477980e+02, 3.379300936120064e+02, -1.387680249978752e+02, -1.112807098140066e+03, 4.258038392399617e+01, -5.045252653039694e+03, -6.029207159269059e+03, -2.827795526875198e+02, 6.929847438605108e+03, 3.084998834905005e+03, 1.167966600478496e+03, -3.000773340779207e+03}