MTP
version = 1.1.0
potential_name = MTP1m
scaling = 7.139601867076198e-02
species_count = 1
potential_tag = 
radial_basis_type = RBChebyshev
	min_dist = 2.000000000000000e+00
	max_dist = 5.000000000000000e+00
	radial_basis_size = 8
	radial_funcs_count = 3
	radial_coeffs
		0-0
			{1.769584513226361e-02, -5.395048786848665e-01, -5.025877699244106e-02, -3.833583473304190e-03, 7.534592668569677e-01, 2.974052362159286e-01, 2.208453925884991e-01, 3.401870580136593e-02}
			{-2.254902491842561e-01, -7.291951858989650e-01, 2.842822535472506e-01, -1.797418021428826e-01, -5.145481703115736e-01, 1.371408347101261e-01, -1.375011204825963e-01, 4.279049211184612e-02}
			{-3.976633579015201e-02, 2.994145323698071e-04, 1.938269409675581e-01, -6.159038722842068e-01, 3.095647425027956e-01, -5.387226995655666e-01, -3.373446141637680e-01, 2.857590236823772e-01}
alpha_moments_count = 41
alpha_index_basic_count = 25
alpha_index_basic = {{0, 0, 0, 0}, {0, 1, 0, 0}, {0, 0, 1, 0}, {0, 0, 0, 1}, {0, 2, 0, 0}, {0, 1, 1, 0}, {0, 1, 0, 1}, {0, 0, 2, 0}, {0, 0, 1, 1}, {0, 0, 0, 2}, {0, 3, 0, 0}, {0, 2, 1, 0}, {0, 2, 0, 1}, {0, 1, 2, 0}, {0, 1, 1, 1}, {0, 1, 0, 2}, {0, 0, 3, 0}, {0, 0, 2, 1}, {0, 0, 1, 2}, {0, 0, 0, 3}, {1, 0, 0, 0}, {1, 1, 0, 0}, {1, 0, 1, 0}, {1, 0, 0, 1}, {2, 0, 0, 0}}
alpha_index_times_count = 42
alpha_index_times = {{0, 0, 1, 25}, {1, 1, 1, 26}, {2, 2, 1, 26}, {3, 3, 1, 26}, {1, 4, 1, 27}, {2, 5, 1, 27}, {3, 6, 1, 27}, {1, 5, 1, 28}, {2, 7, 1, 28}, {3, 8, 1, 28}, {1, 6, 1, 29}, {2, 8, 1, 29}, {3, 9, 1, 29}, {4, 4, 1, 30}, {5, 5, 2, 30}, {6, 6, 2, 30}, {7, 7, 1, 30}, {8, 8, 2, 30}, {9, 9, 1, 30}, {10, 10, 1, 31}, {11, 11, 3, 31}, {12, 12, 3, 31}, {13, 13, 3, 31}, {14, 14, 6, 31}, {15, 15, 3, 31}, {16, 16, 1, 31}, {17, 17, 3, 31}, {18, 18, 3, 31}, {19, 19, 1, 31}, {0, 20, 1, 32}, {1, 21, 1, 33}, {2, 22, 1, 33}, {3, 23, 1, 33}, {0, 25, 1, 34}, {0, 26, 1, 35}, {0, 30, 1, 36}, {1, 27, 1, 37}, {2, 28, 1, 37}, {3, 29, 1, 37}, {0, 32, 1, 38}, {0, 34, 1, 39}, {0, 35, 1, 40}}
alpha_scalar_moments = 16
alpha_moment_mapping = {0, 20, 24, 25, 26, 30, 31, 32, 33, 34, 35, 36, 37, 38, 39, 40}
species_coeffs = {-2.748532731478448e+00}
moment_coeffs = {-1.116859715288021e-01, 4.686265671980244e-01, 8.944979355898190e-02, 1.588399925329094e-01, -3.742666713472215e-01, 1.267503349326762e-01, -3.414284040355414e-01, -2.555439829175761e-01, 8.250427439281556e-02, 1.453536474133617e-01, 1.679816013545231e+00, -1.493985872219787e+00, -7.499415651859588e-01, 1.545679740455454e-01, -1.469580264888996e-02, -1.799337822962876e+00}