MTP
version = 1.1.0
potential_name = MTP1m
scaling = 7.788656582264944e-02
species_count = 1
potential_tag = 
radial_basis_type = RBChebyshev
	min_dist = 2.000000000000000e+00
	max_dist = 5.000000000000000e+00
	radial_basis_size = 8
	radial_funcs_count = 3
	radial_coeffs
		0-0
			{-4.853699336434746e-02, -7.931299999762396e-01, 2.610416223917342e-01, -4.955609420136908e-01, -4.202705177074258e-02, -1.312824846063524e-01, 1.741932804388066e-01, -7.430292018113095e-02}
			{9.937341152219394e-03, 2.564807432010758e-01, -2.460569636132077e-01, -5.620880656967678e-01, 6.298018165708890e-01, -1.203879221216679e-01, -1.489476820631495e-01, -3.525661100216712e-01}
			{6.794801137472551e-01, 1.457169346516270e-01, -2.073602189762180e-01, -1.853228783226309e-01, -1.448915978639800e-01, 4.804601604300715e-02, 6.450733372308596e-01, 1.757595911353274e-02}
alpha_moments_count = 41
alpha_index_basic_count = 25
alpha_index_basic = {{0, 0, 0, 0}, {0, 1, 0, 0}, {0, 0, 1, 0}, {0, 0, 0, 1}, {0, 2, 0, 0}, {0, 1, 1, 0}, {0, 1, 0, 1}, {0, 0, 2, 0}, {0, 0, 1, 1}, {0, 0, 0, 2}, {0, 3, 0, 0}, {0, 2, 1, 0}, {0, 2, 0, 1}, {0, 1, 2, 0}, {0, 1, 1, 1}, {0, 1, 0, 2}, {0, 0, 3, 0}, {0, 0, 2, 1}, {0, 0, 1, 2}, {0, 0, 0, 3}, {1, 0, 0, 0}, {1, 1, 0, 0}, {1, 0, 1, 0}, {1, 0, 0, 1}, {2, 0, 0, 0}}
alpha_index_times_count = 42
alpha_index_times = {{0, 0, 1, 25}, {1, 1, 1, 26}, {2, 2, 1, 26}, {3, 3, 1, 26}, {1, 4, 1, 27}, {2, 5, 1, 27}, {3, 6, 1, 27}, {1, 5, 1, 28}, {2, 7, 1, 28}, {3, 8, 1, 28}, {1, 6, 1, 29}, {2, 8, 1, 29}, {3, 9, 1, 29}, {4, 4, 1, 30}, {5, 5, 2, 30}, {6, 6, 2, 30}, {7, 7, 1, 30}, {8, 8, 2, 30}, {9, 9, 1, 30}, {10, 10, 1, 31}, {11, 11, 3, 31}, {12, 12, 3, 31}, {13, 13, 3, 31}, {14, 14, 6, 31}, {15, 15, 3, 31}, {16, 16, 1, 31}, {17, 17, 3, 31}, {18, 18, 3, 31}, {19, 19, 1, 31}, {0, 20, 1, 32}, {1, 21, 1, 33}, {2, 22, 1, 33}, {3, 23, 1, 33}, {0, 25, 1, 34}, {0, 26, 1, 35}, {0, 30, 1, 36}, {1, 27, 1, 37}, {2, 28, 1, 37}, {3, 29, 1, 37}, {0, 32, 1, 38}, {0, 34, 1, 39}, {0, 35, 1, 40}}
alpha_scalar_moments = 16
alpha_moment_mapping = {0, 20, 24, 25, 26, 30, 31, 32, 33, 34, 35, 36, 37, 38, 39, 40}
species_coeffs = {-1.780145634427844e+00}
moment_coeffs = {1.017040854185729e+00, -1.166307911744297e-01, -3.438414090481456e-01, -2.734676270882539e-01, 6.699663243756829e-02, 4.187993823949310e-03, -9.120174439637704e-02, 1.062415259686483e-02, 1.617157740133844e-01, 2.192924100563766e-01, 9.500533221275618e-01, 6.574511537208685e-01, -1.467135346773273e-01, -2.931794430871655e-01, 4.318158928260787e-01, 1.630225167640120e+00}