MTP
version = 1.1.0
potential_name = MTP1m
scaling = 1.959733531524331e-02
species_count = 1
potential_tag = 
radial_basis_type = RBChebyshev
	min_dist = 2.000000000000000e+00
	max_dist = 5.000000000000000e+00
	radial_basis_size = 8
	radial_funcs_count = 3
	radial_coeffs
		0-0
			{-5.097115383798563e-01, 1.617507111808331e-01, 6.604717288253771e-01, 3.885118532530448e-01, -2.803452248715943e-01, -1.897922940969395e-01, -1.105478379372908e-01, -5.577194612310652e-03}
			{-5.231111029992754e-01, -7.103112232781653e-01, -1.511961211669866e-01, -3.568329629393500e-01, -1.429997289105007e-01, -2.168356558781458e-01, -4.764395457342344e-02, -4.342969228492623e-02}
			{-5.188517587058472e-01, 4.258813410575242e-01, -6.828643762434130e-01, 2.582616488241479e-01, -4.610233495054063e-02, -6.989980367743130e-02, 8.276326335150840e-02, -5.053646038846287e-02}
alpha_moments_count = 41
alpha_index_basic_count = 25
alpha_index_basic = {{0, 0, 0, 0}, {0, 1, 0, 0}, {0, 0, 1, 0}, {0, 0, 0, 1}, {0, 2, 0, 0}, {0, 1, 1, 0}, {0, 1, 0, 1}, {0, 0, 2, 0}, {0, 0, 1, 1}, {0, 0, 0, 2}, {0, 3, 0, 0}, {0, 2, 1, 0}, {0, 2, 0, 1}, {0, 1, 2, 0}, {0, 1, 1, 1}, {0, 1, 0, 2}, {0, 0, 3, 0}, {0, 0, 2, 1}, {0, 0, 1, 2}, {0, 0, 0, 3}, {1, 0, 0, 0}, {1, 1, 0, 0}, {1, 0, 1, 0}, {1, 0, 0, 1}, {2, 0, 0, 0}}
alpha_index_times_count = 42
alpha_index_times = {{0, 0, 1, 25}, {1, 1, 1, 26}, {2, 2, 1, 26}, {3, 3, 1, 26}, {1, 4, 1, 27}, {2, 5, 1, 27}, {3, 6, 1, 27}, {1, 5, 1, 28}, {2, 7, 1, 28}, {3, 8, 1, 28}, {1, 6, 1, 29}, {2, 8, 1, 29}, {3, 9, 1, 29}, {4, 4, 1, 30}, {5, 5, 2, 30}, {6, 6, 2, 30}, {7, 7, 1, 30}, {8, 8, 2, 30}, {9, 9, 1, 30}, {10, 10, 1, 31}, {11, 11, 3, 31}, {12, 12, 3, 31}, {13, 13, 3, 31}, {14, 14, 6, 31}, {15, 15, 3, 31}, {16, 16, 1, 31}, {17, 17, 3, 31}, {18, 18, 3, 31}, {19, 19, 1, 31}, {0, 20, 1, 32}, {1, 21, 1, 33}, {2, 22, 1, 33}, {3, 23, 1, 33}, {0, 25, 1, 34}, {0, 26, 1, 35}, {0, 30, 1, 36}, {1, 27, 1, 37}, {2, 28, 1, 37}, {3, 29, 1, 37}, {0, 32, 1, 38}, {0, 34, 1, 39}, {0, 35, 1, 40}}
alpha_scalar_moments = 16
alpha_moment_mapping = {0, 20, 24, 25, 26, 30, 31, 32, 33, 34, 35, 36, 37, 38, 39, 40}
species_coeffs = {9.971738777778468e+01}
moment_coeffs = {2.951851656455365e+02, 8.975995586049220e+01, -1.874224693722617e+00, 2.133832243605937e+02, 8.963857863871665e+01, 8.769375298149079e+01, -1.060716608104360e+01, 1.395345765466485e+02, 2.619885550853443e+01, -6.410555764045206e+01, 2.375943726159235e+02, 1.362159457216277e+02, -1.059812637387432e+01, 2.392767390585929e+01, -8.471334872664450e+01, 1.437783183183071e+02}