MTP
version = 1.1.0
potential_name = MTP1m
scaling = 8.567522240491438e-02
species_count = 1
potential_tag = 
radial_basis_type = RBChebyshev
	min_dist = 2.000000000000000e+00
	max_dist = 5.000000000000000e+00
	radial_basis_size = 8
	radial_funcs_count = 3
	radial_coeffs
		0-0
			{6.418466194333809e-01, 2.994726895055872e-01, 4.710351130356632e-01, -4.686184785158787e-01, -1.516308090580988e-01, -2.492271237712719e-02, 1.788679880583884e-01, -3.556497495108454e-02}
			{2.152964333745109e-01, 7.922442881412652e-02, -1.560564534170663e-01, -1.283460034038293e-01, 7.139054980299347e-01, -4.432008687142009e-01, -3.440312970185940e-01, -2.865292622713324e-01}
			{-2.889481830425096e-01, -1.041270714853195e-01, 2.076817023096836e-01, -4.656443854999631e-01, -2.298345206952174e-01, 1.707089471291968e-01, -7.451102392060633e-01, -9.249538569875304e-02}
alpha_moments_count = 41
alpha_index_basic_count = 25
alpha_index_basic = {{0, 0, 0, 0}, {0, 1, 0, 0}, {0, 0, 1, 0}, {0, 0, 0, 1}, {0, 2, 0, 0}, {0, 1, 1, 0}, {0, 1, 0, 1}, {0, 0, 2, 0}, {0, 0, 1, 1}, {0, 0, 0, 2}, {0, 3, 0, 0}, {0, 2, 1, 0}, {0, 2, 0, 1}, {0, 1, 2, 0}, {0, 1, 1, 1}, {0, 1, 0, 2}, {0, 0, 3, 0}, {0, 0, 2, 1}, {0, 0, 1, 2}, {0, 0, 0, 3}, {1, 0, 0, 0}, {1, 1, 0, 0}, {1, 0, 1, 0}, {1, 0, 0, 1}, {2, 0, 0, 0}}
alpha_index_times_count = 42
alpha_index_times = {{0, 0, 1, 25}, {1, 1, 1, 26}, {2, 2, 1, 26}, {3, 3, 1, 26}, {1, 4, 1, 27}, {2, 5, 1, 27}, {3, 6, 1, 27}, {1, 5, 1, 28}, {2, 7, 1, 28}, {3, 8, 1, 28}, {1, 6, 1, 29}, {2, 8, 1, 29}, {3, 9, 1, 29}, {4, 4, 1, 30}, {5, 5, 2, 30}, {6, 6, 2, 30}, {7, 7, 1, 30}, {8, 8, 2, 30}, {9, 9, 1, 30}, {10, 10, 1, 31}, {11, 11, 3, 31}, {12, 12, 3, 31}, {13, 13, 3, 31}, {14, 14, 6, 31}, {15, 15, 3, 31}, {16, 16, 1, 31}, {17, 17, 3, 31}, {18, 18, 3, 31}, {19, 19, 1, 31}, {0, 20, 1, 32}, {1, 21, 1, 33}, {2, 22, 1, 33}, {3, 23, 1, 33}, {0, 25, 1, 34}, {0, 26, 1, 35}, {0, 30, 1, 36}, {1, 27, 1, 37}, {2, 28, 1, 37}, {3, 29, 1, 37}, {0, 32, 1, 38}, {0, 34, 1, 39}, {0, 35, 1, 40}}
alpha_scalar_moments = 16
alpha_moment_mapping = {0, 20, 24, 25, 26, 30, 31, 32, 33, 34, 35, 36, 37, 38, 39, 40}
species_coeffs = {-2.012068453703978e+00}
moment_coeffs = {-1.960329242310449e+00, -4.946867524194935e-01, 1.795001461378590e-01, 5.656859280220845e+00, 1.095522987575753e+00, -1.623035118153060e+00, -6.059805754787053e-01, 1.273279048765116e+00, 4.321696471519641e-01, -6.590502890150182e+00, -1.647508038328894e+00, 2.902044339838368e+00, 2.836870634845423e-01, -2.054560497610388e+00, 6.260426798747376e-01, 2.140897319376326e+00}