MTP
version = 1.1.0
potential_name = MTP1m
scaling = 3.386419542474044e-02
species_count = 1
potential_tag = 
radial_basis_type = RBChebyshev
	min_dist = 2.000000000000000e+00
	max_dist = 5.000000000000000e+00
	radial_basis_size = 8
	radial_funcs_count = 3
	radial_coeffs
		0-0
			{2.685269356012585e-01, 3.043601193366797e-01, -3.630775495539593e-01, -6.967367753972725e-01, 7.180039022550729e-02, 1.640096751940165e-01, -1.370731031850773e-01, -4.088364653774099e-01}
			{9.799406098044723e-02, -4.926849770918673e-01, -5.849520206325425e-01, 4.213902671725782e-02, 2.954623291630005e-01, 3.469582293307158e-01, 3.926010003812551e-01, 2.046962779111566e-01}
			{4.849476718281633e-01, -1.206948009032240e-01, 1.277604473159231e-02, 4.181973455970768e-03, -6.149916904630925e-01, 3.794279417295278e-01, -3.139249967992891e-01, 3.596506050088242e-01}
alpha_moments_count = 41
alpha_index_basic_count = 25
alpha_index_basic = {{0, 0, 0, 0}, {0, 1, 0, 0}, {0, 0, 1, 0}, {0, 0, 0, 1}, {0, 2, 0, 0}, {0, 1, 1, 0}, {0, 1, 0, 1}, {0, 0, 2, 0}, {0, 0, 1, 1}, {0, 0, 0, 2}, {0, 3, 0, 0}, {0, 2, 1, 0}, {0, 2, 0, 1}, {0, 1, 2, 0}, {0, 1, 1, 1}, {0, 1, 0, 2}, {0, 0, 3, 0}, {0, 0, 2, 1}, {0, 0, 1, 2}, {0, 0, 0, 3}, {1, 0, 0, 0}, {1, 1, 0, 0}, {1, 0, 1, 0}, {1, 0, 0, 1}, {2, 0, 0, 0}}
alpha_index_times_count = 42
alpha_index_times = {{0, 0, 1, 25}, {1, 1, 1, 26}, {2, 2, 1, 26}, {3, 3, 1, 26}, {1, 4, 1, 27}, {2, 5, 1, 27}, {3, 6, 1, 27}, {1, 5, 1, 28}, {2, 7, 1, 28}, {3, 8, 1, 28}, {1, 6, 1, 29}, {2, 8, 1, 29}, {3, 9, 1, 29}, {4, 4, 1, 30}, {5, 5, 2, 30}, {6, 6, 2, 30}, {7, 7, 1, 30}, {8, 8, 2, 30}, {9, 9, 1, 30}, {10, 10, 1, 31}, {11, 11, 3, 31}, {12, 12, 3, 31}, {13, 13, 3, 31}, {14, 14, 6, 31}, {15, 15, 3, 31}, {16, 16, 1, 31}, {17, 17, 3, 31}, {18, 18, 3, 31}, {19, 19, 1, 31}, {0, 20, 1, 32}, {1, 21, 1, 33}, {2, 22, 1, 33}, {3, 23, 1, 33}, {0, 25, 1, 34}, {0, 26, 1, 35}, {0, 30, 1, 36}, {1, 27, 1, 37}, {2, 28, 1, 37}, {3, 29, 1, 37}, {0, 32, 1, 38}, {0, 34, 1, 39}, {0, 35, 1, 40}}
alpha_scalar_moments = 16
alpha_moment_mapping = {0, 20, 24, 25, 26, 30, 31, 32, 33, 34, 35, 36, 37, 38, 39, 40}
species_coeffs = {-1.680037117272791e+01}
moment_coeffs = {9.148270818387887e+01, 4.712197427158867e+01, 5.115190663815047e-01, 4.513834222320600e+02, 1.827919071685007e+01, -1.173085855583627e+01, 5.493114890437563e-01, 1.449194629404153e+02, 2.625588723830580e+00, 5.390833611334642e+02, 5.726277169916001e+01, -1.590127521586862e+01, 1.159024768039017e+00, 1.099707882954227e+02, 1.725894647210608e+02, 4.542683355240563e+01}