MTP
version = 1.1.0
potential_name = MTP1m
scaling = 2.586848261612118e-02
species_count = 1
potential_tag = 
radial_basis_type = RBChebyshev
	min_dist = 2.000000000000000e+00
	max_dist = 5.000000000000000e+00
	radial_basis_size = 8
	radial_funcs_count = 3
	radial_coeffs
		0-0
			{2.114830858112240e-01, 6.958744683494094e-01, -2.894673452327767e-02, 5.595141177283398e-01, -3.745606956156984e-01, 5.558364333865247e-03, -1.142880832218113e-01, 6.124777920550663e-02}
			{-6.449344322178131e-01, -9.019122598385550e-02, 9.936867628798859e-02, 5.294810642481447e-01, 2.184075897573432e-01, 4.040878374650018e-01, 2.172025289851891e-01, 1.659367187289351e-01}
			{1.888142628265622e-01, -5.226406374252939e-01, 6.249500176012468e-01, 3.003340291457282e-01, -3.889412148479121e-01, -9.991622696395289e-02, -1.876767039200498e-01, 1.181178127543115e-01}
alpha_moments_count = 41
alpha_index_basic_count = 25
alpha_index_basic = {{0, 0, 0, 0}, {0, 1, 0, 0}, {0, 0, 1, 0}, {0, 0, 0, 1}, {0, 2, 0, 0}, {0, 1, 1, 0}, {0, 1, 0, 1}, {0, 0, 2, 0}, {0, 0, 1, 1}, {0, 0, 0, 2}, {0, 3, 0, 0}, {0, 2, 1, 0}, {0, 2, 0, 1}, {0, 1, 2, 0}, {0, 1, 1, 1}, {0, 1, 0, 2}, {0, 0, 3, 0}, {0, 0, 2, 1}, {0, 0, 1, 2}, {0, 0, 0, 3}, {1, 0, 0, 0}, {1, 1, 0, 0}, {1, 0, 1, 0}, {1, 0, 0, 1}, {2, 0, 0, 0}}
alpha_index_times_count = 42
alpha_index_times = {{0, 0, 1, 25}, {1, 1, 1, 26}, {2, 2, 1, 26}, {3, 3, 1, 26}, {1, 4, 1, 27}, {2, 5, 1, 27}, {3, 6, 1, 27}, {1, 5, 1, 28}, {2, 7, 1, 28}, {3, 8, 1, 28}, {1, 6, 1, 29}, {2, 8, 1, 29}, {3, 9, 1, 29}, {4, 4, 1, 30}, {5, 5, 2, 30}, {6, 6, 2, 30}, {7, 7, 1, 30}, {8, 8, 2, 30}, {9, 9, 1, 30}, {10, 10, 1, 31}, {11, 11, 3, 31}, {12, 12, 3, 31}, {13, 13, 3, 31}, {14, 14, 6, 31}, {15, 15, 3, 31}, {16, 16, 1, 31}, {17, 17, 3, 31}, {18, 18, 3, 31}, {19, 19, 1, 31}, {0, 20, 1, 32}, {1, 21, 1, 33}, {2, 22, 1, 33}, {3, 23, 1, 33}, {0, 25, 1, 34}, {0, 26, 1, 35}, {0, 30, 1, 36}, {1, 27, 1, 37}, {2, 28, 1, 37}, {3, 29, 1, 37}, {0, 32, 1, 38}, {0, 34, 1, 39}, {0, 35, 1, 40}}
alpha_scalar_moments = 16
alpha_moment_mapping = {0, 20, 24, 25, 26, 30, 31, 32, 33, 34, 35, 36, 37, 38, 39, 40}
species_coeffs = {5.235424115007841e+00}
moment_coeffs = {-5.857045068430864e+01, 4.815537739752248e+00, 1.175119500283405e+00, 1.554817435992342e+02, 3.020590640819919e+01, -3.579357862929290e+01, -4.326904332903425e+00, -2.015985993704296e+01, -4.308528519193646e+00, -1.872269371129305e+02, -6.529821856875013e+01, 6.140883355731752e+01, -3.453171982194700e+01, 1.849483653712899e+01, 7.606309979575636e+01, 4.974791917322116e+01}