MTP
version = 1.1.0
potential_name = MTP1m
scaling = 4.917081175672312e-02
species_count = 1
potential_tag = 
radial_basis_type = RBChebyshev
	min_dist = 2.000000000000000e+00
	max_dist = 5.000000000000000e+00
	radial_basis_size = 8
	radial_funcs_count = 3
	radial_coeffs
		0-0
			{2.508612183446627e-01, 6.332799369667300e-01, -5.892710178729048e-02, -5.521398670284362e-01, 3.384859912090399e-02, -7.865343814855393e-02, -4.492324406632780e-01, -1.362074041287597e-01}
			{1.481789882272218e-01, -3.386852692314083e-01, 2.577951074812676e-01, -3.018972738027542e-01, -5.275672742812243e-01, -5.386117169579134e-01, -1.101751394197162e-01, 3.537889509294578e-01}
			{-1.462658620996251e-01, -4.523042956229529e-01, -4.925067856242374e-01, -1.046312587460506e-01, -2.895891015077955e-01, 1.028620400948825e-01, -4.125408201180639e-01, -5.058498902681685e-01}
alpha_moments_count = 41
alpha_index_basic_count = 25
alpha_index_basic = {{0, 0, 0, 0}, {0, 1, 0, 0}, {0, 0, 1, 0}, {0, 0, 0, 1}, {0, 2, 0, 0}, {0, 1, 1, 0}, {0, 1, 0, 1}, {0, 0, 2, 0}, {0, 0, 1, 1}, {0, 0, 0, 2}, {0, 3, 0, 0}, {0, 2, 1, 0}, {0, 2, 0, 1}, {0, 1, 2, 0}, {0, 1, 1, 1}, {0, 1, 0, 2}, {0, 0, 3, 0}, {0, 0, 2, 1}, {0, 0, 1, 2}, {0, 0, 0, 3}, {1, 0, 0, 0}, {1, 1, 0, 0}, {1, 0, 1, 0}, {1, 0, 0, 1}, {2, 0, 0, 0}}
alpha_index_times_count = 42
alpha_index_times = {{0, 0, 1, 25}, {1, 1, 1, 26}, {2, 2, 1, 26}, {3, 3, 1, 26}, {1, 4, 1, 27}, {2, 5, 1, 27}, {3, 6, 1, 27}, {1, 5, 1, 28}, {2, 7, 1, 28}, {3, 8, 1, 28}, {1, 6, 1, 29}, {2, 8, 1, 29}, {3, 9, 1, 29}, {4, 4, 1, 30}, {5, 5, 2, 30}, {6, 6, 2, 30}, {7, 7, 1, 30}, {8, 8, 2, 30}, {9, 9, 1, 30}, {10, 10, 1, 31}, {11, 11, 3, 31}, {12, 12, 3, 31}, {13, 13, 3, 31}, {14, 14, 6, 31}, {15, 15, 3, 31}, {16, 16, 1, 31}, {17, 17, 3, 31}, {18, 18, 3, 31}, {19, 19, 1, 31}, {0, 20, 1, 32}, {1, 21, 1, 33}, {2, 22, 1, 33}, {3, 23, 1, 33}, {0, 25, 1, 34}, {0, 26, 1, 35}, {0, 30, 1, 36}, {1, 27, 1, 37}, {2, 28, 1, 37}, {3, 29, 1, 37}, {0, 32, 1, 38}, {0, 34, 1, 39}, {0, 35, 1, 40}}
alpha_scalar_moments = 16
alpha_moment_mapping = {0, 20, 24, 25, 26, 30, 31, 32, 33, 34, 35, 36, 37, 38, 39, 40}
species_coeffs = {-4.027507672254973e+00}
moment_coeffs = {-4.586353354262712e-01, -6.626854363638673e-01, -1.055478720816781e+00, 1.433627231065119e+00, -6.716302242277028e-02, -6.575999782957856e-01, -2.476228477628719e-01, 1.847885341702465e-01, -2.252717007000742e-01, -1.160744273061180e+00, 5.773570008609087e-01, -2.627327017923413e+00, 1.100094670195943e+00, -1.894492515400475e+00, 3.903358464187169e+00, 1.529123605721303e+00}