MTP
version = 1.1.0
potential_name = MTP1m
scaling = 1.019605952587410e-01
species_count = 1
potential_tag = 
radial_basis_type = RBChebyshev
	min_dist = 2.000000000000000e+00
	max_dist = 5.000000000000000e+00
	radial_basis_size = 8
	radial_funcs_count = 3
	radial_coeffs
		0-0
			{-6.681459041036861e-01, -4.950198757552593e-01, -3.330176599566999e-01, -4.011068711175336e-01, -1.879848215358386e-01, -1.669889539275789e-02, -3.123906608542262e-02, 1.248452045106462e-02}
			{-5.978506201409562e-01, 7.445108510028378e-01, 2.157178333506490e-01, -1.275158650600276e-01, 3.612152757106175e-02, 1.245770770922965e-01, 6.826088666271704e-02, 6.324544987342083e-02}
			{3.244453790582596e-01, 3.463542627844750e-01, -3.956449832368588e-01, -6.366039724750974e-01, 6.087889960757618e-02, -4.270937233250519e-01, -1.601108779734527e-01, 3.497952487786490e-02}
alpha_moments_count = 41
alpha_index_basic_count = 25
alpha_index_basic = {{0, 0, 0, 0}, {0, 1, 0, 0}, {0, 0, 1, 0}, {0, 0, 0, 1}, {0, 2, 0, 0}, {0, 1, 1, 0}, {0, 1, 0, 1}, {0, 0, 2, 0}, {0, 0, 1, 1}, {0, 0, 0, 2}, {0, 3, 0, 0}, {0, 2, 1, 0}, {0, 2, 0, 1}, {0, 1, 2, 0}, {0, 1, 1, 1}, {0, 1, 0, 2}, {0, 0, 3, 0}, {0, 0, 2, 1}, {0, 0, 1, 2}, {0, 0, 0, 3}, {1, 0, 0, 0}, {1, 1, 0, 0}, {1, 0, 1, 0}, {1, 0, 0, 1}, {2, 0, 0, 0}}
alpha_index_times_count = 42
alpha_index_times = {{0, 0, 1, 25}, {1, 1, 1, 26}, {2, 2, 1, 26}, {3, 3, 1, 26}, {1, 4, 1, 27}, {2, 5, 1, 27}, {3, 6, 1, 27}, {1, 5, 1, 28}, {2, 7, 1, 28}, {3, 8, 1, 28}, {1, 6, 1, 29}, {2, 8, 1, 29}, {3, 9, 1, 29}, {4, 4, 1, 30}, {5, 5, 2, 30}, {6, 6, 2, 30}, {7, 7, 1, 30}, {8, 8, 2, 30}, {9, 9, 1, 30}, {10, 10, 1, 31}, {11, 11, 3, 31}, {12, 12, 3, 31}, {13, 13, 3, 31}, {14, 14, 6, 31}, {15, 15, 3, 31}, {16, 16, 1, 31}, {17, 17, 3, 31}, {18, 18, 3, 31}, {19, 19, 1, 31}, {0, 20, 1, 32}, {1, 21, 1, 33}, {2, 22, 1, 33}, {3, 23, 1, 33}, {0, 25, 1, 34}, {0, 26, 1, 35}, {0, 30, 1, 36}, {1, 27, 1, 37}, {2, 28, 1, 37}, {3, 29, 1, 37}, {0, 32, 1, 38}, {0, 34, 1, 39}, {0, 35, 1, 40}}
alpha_scalar_moments = 16
alpha_moment_mapping = {0, 20, 24, 25, 26, 30, 31, 32, 33, 34, 35, 36, 37, 38, 39, 40}
species_coeffs = {5.749866597592441e+01}
moment_coeffs = {2.494631498603619e+01, 2.306170659179947e+01, 3.877049766646694e-01, -3.723660636693832e+01, -1.039095606799951e+02, -4.525386387568626e+00, -1.022824614332091e+00, 2.364864946384296e+01, 4.057851061659508e+00, -2.557766036510957e+01, -1.121406583168751e+02, -3.580481423140029e+00, 5.689993252855642e+00, 6.362891124812857e+00, -4.161190653023449e+00, -3.066641333976191e+01}