MTP
version = 1.1.0
potential_name = MTP1m
scaling = 3.756103675860795e-02
species_count = 1
potential_tag = 
radial_basis_type = RBChebyshev
	min_dist = 2.000000000000000e+00
	max_dist = 5.000000000000000e+00
	radial_basis_size = 8
	radial_funcs_count = 3
	radial_coeffs
		0-0
			{2.715005159555536e-01, -6.788871740963951e-01, 5.890309927341836e-01, 3.252526604562735e-02, -2.300098454510990e-01, -1.032309311124658e-01, -1.297001836229277e-01, -1.923563848067338e-01}
			{3.178450425111469e-01, -1.183299581862989e-02, -3.798093540156866e-01, -1.486568020523693e-01, 2.457916249785151e-01, -2.455213903267172e-02, -5.488868799068294e-01, -6.084302595961845e-01}
			{-4.141692047366162e-01, 2.919526495620214e-01, 2.173156434137825e-01, -3.449150973241873e-02, -5.615244395621706e-01, 4.186249237817009e-01, -3.705919815797627e-01, -2.586828685814483e-01}
alpha_moments_count = 41
alpha_index_basic_count = 25
alpha_index_basic = {{0, 0, 0, 0}, {0, 1, 0, 0}, {0, 0, 1, 0}, {0, 0, 0, 1}, {0, 2, 0, 0}, {0, 1, 1, 0}, {0, 1, 0, 1}, {0, 0, 2, 0}, {0, 0, 1, 1}, {0, 0, 0, 2}, {0, 3, 0, 0}, {0, 2, 1, 0}, {0, 2, 0, 1}, {0, 1, 2, 0}, {0, 1, 1, 1}, {0, 1, 0, 2}, {0, 0, 3, 0}, {0, 0, 2, 1}, {0, 0, 1, 2}, {0, 0, 0, 3}, {1, 0, 0, 0}, {1, 1, 0, 0}, {1, 0, 1, 0}, {1, 0, 0, 1}, {2, 0, 0, 0}}
alpha_index_times_count = 42
alpha_index_times = {{0, 0, 1, 25}, {1, 1, 1, 26}, {2, 2, 1, 26}, {3, 3, 1, 26}, {1, 4, 1, 27}, {2, 5, 1, 27}, {3, 6, 1, 27}, {1, 5, 1, 28}, {2, 7, 1, 28}, {3, 8, 1, 28}, {1, 6, 1, 29}, {2, 8, 1, 29}, {3, 9, 1, 29}, {4, 4, 1, 30}, {5, 5, 2, 30}, {6, 6, 2, 30}, {7, 7, 1, 30}, {8, 8, 2, 30}, {9, 9, 1, 30}, {10, 10, 1, 31}, {11, 11, 3, 31}, {12, 12, 3, 31}, {13, 13, 3, 31}, {14, 14, 6, 31}, {15, 15, 3, 31}, {16, 16, 1, 31}, {17, 17, 3, 31}, {18, 18, 3, 31}, {19, 19, 1, 31}, {0, 20, 1, 32}, {1, 21, 1, 33}, {2, 22, 1, 33}, {3, 23, 1, 33}, {0, 25, 1, 34}, {0, 26, 1, 35}, {0, 30, 1, 36}, {1, 27, 1, 37}, {2, 28, 1, 37}, {3, 29, 1, 37}, {0, 32, 1, 38}, {0, 34, 1, 39}, {0, 35, 1, 40}}
alpha_scalar_moments = 16
alpha_moment_mapping = {0, 20, 24, 25, 26, 30, 31, 32, 33, 34, 35, 36, 37, 38, 39, 40}
species_coeffs = {-2.083159173950794e+00}
moment_coeffs = {-1.188130318323522e+01, -2.443605516512294e-01, -5.257369088045614e-01, 1.872730771696639e+01, 5.495365612511675e+00, 1.223766189718167e-01, -9.318070455656506e-01, 1.150552434345294e+00, 1.317719641920358e+00, -1.510093598722383e+01, -1.523007517870078e+01, 1.286325206942565e+00, -1.923520851805835e+00, -6.313131122701884e-01, 4.618196641634765e+00, 9.424789842449092e+00}