MTP
version = 1.1.0
potential_name = MTP1m
scaling = 4.507324411032954e-02
species_count = 1
potential_tag = 
radial_basis_type = RBChebyshev
	min_dist = 2.000000000000000e+00
	max_dist = 5.000000000000000e+00
	radial_basis_size = 8
	radial_funcs_count = 3
	radial_coeffs
		0-0
			{1.361732408428619e-01, -4.009909356553936e-01, -3.577857521895555e-02, 7.020923205514600e-01, 5.390058823962469e-01, 1.632733889555310e-01, 9.457173069385308e-02, -1.788941400158052e-02}
			{-2.874152840242327e-01, -7.757741489315084e-01, -4.587853107070003e-01, -2.571997906011795e-01, -1.607956806247749e-01, -9.924040497210973e-02, -5.473141798551077e-02, -1.522474800239579e-02}
			{6.866640779846350e-01, -2.126625130897277e-01, 2.059737464548094e-02, 1.886611996068691e-01, -6.046949479280923e-01, 1.874761798621717e-01, -1.822456906240594e-01, -1.150348157558019e-01}
alpha_moments_count = 41
alpha_index_basic_count = 25
alpha_index_basic = {{0, 0, 0, 0}, {0, 1, 0, 0}, {0, 0, 1, 0}, {0, 0, 0, 1}, {0, 2, 0, 0}, {0, 1, 1, 0}, {0, 1, 0, 1}, {0, 0, 2, 0}, {0, 0, 1, 1}, {0, 0, 0, 2}, {0, 3, 0, 0}, {0, 2, 1, 0}, {0, 2, 0, 1}, {0, 1, 2, 0}, {0, 1, 1, 1}, {0, 1, 0, 2}, {0, 0, 3, 0}, {0, 0, 2, 1}, {0, 0, 1, 2}, {0, 0, 0, 3}, {1, 0, 0, 0}, {1, 1, 0, 0}, {1, 0, 1, 0}, {1, 0, 0, 1}, {2, 0, 0, 0}}
alpha_index_times_count = 42
alpha_index_times = {{0, 0, 1, 25}, {1, 1, 1, 26}, {2, 2, 1, 26}, {3, 3, 1, 26}, {1, 4, 1, 27}, {2, 5, 1, 27}, {3, 6, 1, 27}, {1, 5, 1, 28}, {2, 7, 1, 28}, {3, 8, 1, 28}, {1, 6, 1, 29}, {2, 8, 1, 29}, {3, 9, 1, 29}, {4, 4, 1, 30}, {5, 5, 2, 30}, {6, 6, 2, 30}, {7, 7, 1, 30}, {8, 8, 2, 30}, {9, 9, 1, 30}, {10, 10, 1, 31}, {11, 11, 3, 31}, {12, 12, 3, 31}, {13, 13, 3, 31}, {14, 14, 6, 31}, {15, 15, 3, 31}, {16, 16, 1, 31}, {17, 17, 3, 31}, {18, 18, 3, 31}, {19, 19, 1, 31}, {0, 20, 1, 32}, {1, 21, 1, 33}, {2, 22, 1, 33}, {3, 23, 1, 33}, {0, 25, 1, 34}, {0, 26, 1, 35}, {0, 30, 1, 36}, {1, 27, 1, 37}, {2, 28, 1, 37}, {3, 29, 1, 37}, {0, 32, 1, 38}, {0, 34, 1, 39}, {0, 35, 1, 40}}
alpha_scalar_moments = 16
alpha_moment_mapping = {0, 20, 24, 25, 26, 30, 31, 32, 33, 34, 35, 36, 37, 38, 39, 40}
species_coeffs = {-6.311844236624057e-01}
moment_coeffs = {-1.578327104145209e+01, -1.326854147006598e+01, -6.622151456020933e-01, 1.769201631341456e+01, -8.670590315256369e+00, 1.702113786395626e+00, -1.657096061754965e+00, 7.205528154492114e+01, 2.259885374343393e+01, 7.990866102478832e+00, 4.994349326094432e+01, -2.152894162669829e+00, -5.795324189472117e+00, -7.973320654389586e+01, -1.433169837049319e+01, -5.642485668497919e+01}