MTP
version = 1.1.0
potential_name = MTP1m
scaling = 1.019605952587410e-01
species_count = 1
potential_tag = 
radial_basis_type = RBChebyshev
	min_dist = 2.000000000000000e+00
	max_dist = 5.000000000000000e+00
	radial_basis_size = 8
	radial_funcs_count = 3
	radial_coeffs
		0-0
			{-2.925183011679338e-01, -8.427011110971750e-01, 2.027690469134287e-01, 2.715552866450476e-01, -1.208973821208692e-01, 2.420591934560755e-02, 2.520822728382302e-01, -1.033573612860989e-01}
			{-2.592071286491555e-01, -6.124846837025509e-02, -2.489792203254345e-02, -2.598784658940265e-01, -4.860066804867509e-01, 4.725437542717567e-01, -5.843748769436343e-01, -2.447641216373467e-01}
			{1.512594640711122e-01, -6.920914210004088e-02, -5.300022471933341e-01, -1.071463542648632e-01, 1.116193122912798e-01, -3.278450907894991e-02, 2.202889582144271e-01, -7.860579018706810e-01}
alpha_moments_count = 41
alpha_index_basic_count = 25
alpha_index_basic = {{0, 0, 0, 0}, {0, 1, 0, 0}, {0, 0, 1, 0}, {0, 0, 0, 1}, {0, 2, 0, 0}, {0, 1, 1, 0}, {0, 1, 0, 1}, {0, 0, 2, 0}, {0, 0, 1, 1}, {0, 0, 0, 2}, {0, 3, 0, 0}, {0, 2, 1, 0}, {0, 2, 0, 1}, {0, 1, 2, 0}, {0, 1, 1, 1}, {0, 1, 0, 2}, {0, 0, 3, 0}, {0, 0, 2, 1}, {0, 0, 1, 2}, {0, 0, 0, 3}, {1, 0, 0, 0}, {1, 1, 0, 0}, {1, 0, 1, 0}, {1, 0, 0, 1}, {2, 0, 0, 0}}
alpha_index_times_count = 42
alpha_index_times = {{0, 0, 1, 25}, {1, 1, 1, 26}, {2, 2, 1, 26}, {3, 3, 1, 26}, {1, 4, 1, 27}, {2, 5, 1, 27}, {3, 6, 1, 27}, {1, 5, 1, 28}, {2, 7, 1, 28}, {3, 8, 1, 28}, {1, 6, 1, 29}, {2, 8, 1, 29}, {3, 9, 1, 29}, {4, 4, 1, 30}, {5, 5, 2, 30}, {6, 6, 2, 30}, {7, 7, 1, 30}, {8, 8, 2, 30}, {9, 9, 1, 30}, {10, 10, 1, 31}, {11, 11, 3, 31}, {12, 12, 3, 31}, {13, 13, 3, 31}, {14, 14, 6, 31}, {15, 15, 3, 31}, {16, 16, 1, 31}, {17, 17, 3, 31}, {18, 18, 3, 31}, {19, 19, 1, 31}, {0, 20, 1, 32}, {1, 21, 1, 33}, {2, 22, 1, 33}, {3, 23, 1, 33}, {0, 25, 1, 34}, {0, 26, 1, 35}, {0, 30, 1, 36}, {1, 27, 1, 37}, {2, 28, 1, 37}, {3, 29, 1, 37}, {0, 32, 1, 38}, {0, 34, 1, 39}, {0, 35, 1, 40}}
alpha_scalar_moments = 16
alpha_moment_mapping = {0, 20, 24, 25, 26, 30, 31, 32, 33, 34, 35, 36, 37, 38, 39, 40}
species_coeffs = {-5.065850776619711e+00}
moment_coeffs = {-6.014254967870423e-01, -3.410297862734477e-01, 2.410243415775422e-01, 3.363361863644984e+00, -4.780648097510778e-01, -1.012819349420772e+00, 2.032049543555044e-01, -5.093695953915799e-02, -2.773282918223282e-01, -1.427612388814893e+00, 1.464441408701885e-01, -2.203350445583895e-01, -1.144916149277963e-01, -9.174684544350140e-01, -4.359003837892775e+00, -2.535282575517593e+00}