MTP
version = 1.1.0
potential_name = MTP1m
scaling = 5.408789293239544e-02
species_count = 1
potential_tag = 
radial_basis_type = RBChebyshev
	min_dist = 2.000000000000000e+00
	max_dist = 5.000000000000000e+00
	radial_basis_size = 8
	radial_funcs_count = 3
	radial_coeffs
		0-0
			{-5.361652318733537e-01, 6.894575064047788e-01, 4.082861201982370e-01, -1.830201859870957e-01, -4.413514955338437e-02, 1.789191878745672e-01, -1.445018719944168e-02, 5.303254322700247e-02}
			{-6.155137631522494e-01, -6.373870172216770e-01, -2.162664179903573e-02, -3.473107240004115e-01, -1.742441989626777e-01, 2.399231284774294e-01, -3.754225787037930e-02, 6.674261479495745e-02}
			{-1.697298230526657e-01, 9.762287172927657e-02, -2.008488867392688e-01, 3.792433236422227e-01, -7.930466277732731e-01, -1.378187845296215e-01, -8.798017171837724e-02, -3.490534423879232e-01}
alpha_moments_count = 41
alpha_index_basic_count = 25
alpha_index_basic = {{0, 0, 0, 0}, {0, 1, 0, 0}, {0, 0, 1, 0}, {0, 0, 0, 1}, {0, 2, 0, 0}, {0, 1, 1, 0}, {0, 1, 0, 1}, {0, 0, 2, 0}, {0, 0, 1, 1}, {0, 0, 0, 2}, {0, 3, 0, 0}, {0, 2, 1, 0}, {0, 2, 0, 1}, {0, 1, 2, 0}, {0, 1, 1, 1}, {0, 1, 0, 2}, {0, 0, 3, 0}, {0, 0, 2, 1}, {0, 0, 1, 2}, {0, 0, 0, 3}, {1, 0, 0, 0}, {1, 1, 0, 0}, {1, 0, 1, 0}, {1, 0, 0, 1}, {2, 0, 0, 0}}
alpha_index_times_count = 42
alpha_index_times = {{0, 0, 1, 25}, {1, 1, 1, 26}, {2, 2, 1, 26}, {3, 3, 1, 26}, {1, 4, 1, 27}, {2, 5, 1, 27}, {3, 6, 1, 27}, {1, 5, 1, 28}, {2, 7, 1, 28}, {3, 8, 1, 28}, {1, 6, 1, 29}, {2, 8, 1, 29}, {3, 9, 1, 29}, {4, 4, 1, 30}, {5, 5, 2, 30}, {6, 6, 2, 30}, {7, 7, 1, 30}, {8, 8, 2, 30}, {9, 9, 1, 30}, {10, 10, 1, 31}, {11, 11, 3, 31}, {12, 12, 3, 31}, {13, 13, 3, 31}, {14, 14, 6, 31}, {15, 15, 3, 31}, {16, 16, 1, 31}, {17, 17, 3, 31}, {18, 18, 3, 31}, {19, 19, 1, 31}, {0, 20, 1, 32}, {1, 21, 1, 33}, {2, 22, 1, 33}, {3, 23, 1, 33}, {0, 25, 1, 34}, {0, 26, 1, 35}, {0, 30, 1, 36}, {1, 27, 1, 37}, {2, 28, 1, 37}, {3, 29, 1, 37}, {0, 32, 1, 38}, {0, 34, 1, 39}, {0, 35, 1, 40}}
alpha_scalar_moments = 16
alpha_moment_mapping = {0, 20, 24, 25, 26, 30, 31, 32, 33, 34, 35, 36, 37, 38, 39, 40}
species_coeffs = {3.532520224390655e+01}
moment_coeffs = {3.685398519732199e+01, -2.567923351598653e+01, -3.529950164273800e-01, -1.586978676060384e+01, -6.954231535147225e+01, 3.364726221506839e+00, -3.810417115717800e-01, -2.650856834791443e+01, -3.881654495187833e+00, -2.313474539432332e+01, -8.285008887773867e+01, 1.288942553810702e+00, 1.704035345514369e+00, -7.199874886290160e+00, -5.636150926086469e+00, -2.260075966880854e+01}