MTP
version = 1.1.0
potential_name = MTP1m
scaling = 4.470073796065737e-02
species_count = 1
potential_tag = 
radial_basis_type = RBChebyshev
	min_dist = 2.000000000000000e+00
	max_dist = 5.000000000000000e+00
	radial_basis_size = 8
	radial_funcs_count = 3
	radial_coeffs
		0-0
			{5.593028149101658e-01, 3.911408358753146e-01, -1.307027549522608e-01, -1.058130276494877e-01, -6.089258977234075e-01, -2.889791987892767e-01, -1.699662516615661e-01, -1.507360176494997e-01}
			{2.123578023323179e-01, -6.199091735257152e-01, 9.375646368078659e-02, -5.312719985711717e-01, -1.317939696488776e-01, -2.266889266324299e-01, -1.842602391754599e-02, 4.587804816778248e-01}
			{4.796322678421016e-01, -1.310386889435810e-01, 6.788377846188283e-01, 9.871688334839633e-02, 9.680988410100122e-02, 4.331918022742486e-01, -2.211230820065836e-01, -1.905079508761226e-01}
alpha_moments_count = 41
alpha_index_basic_count = 25
alpha_index_basic = {{0, 0, 0, 0}, {0, 1, 0, 0}, {0, 0, 1, 0}, {0, 0, 0, 1}, {0, 2, 0, 0}, {0, 1, 1, 0}, {0, 1, 0, 1}, {0, 0, 2, 0}, {0, 0, 1, 1}, {0, 0, 0, 2}, {0, 3, 0, 0}, {0, 2, 1, 0}, {0, 2, 0, 1}, {0, 1, 2, 0}, {0, 1, 1, 1}, {0, 1, 0, 2}, {0, 0, 3, 0}, {0, 0, 2, 1}, {0, 0, 1, 2}, {0, 0, 0, 3}, {1, 0, 0, 0}, {1, 1, 0, 0}, {1, 0, 1, 0}, {1, 0, 0, 1}, {2, 0, 0, 0}}
alpha_index_times_count = 42
alpha_index_times = {{0, 0, 1, 25}, {1, 1, 1, 26}, {2, 2, 1, 26}, {3, 3, 1, 26}, {1, 4, 1, 27}, {2, 5, 1, 27}, {3, 6, 1, 27}, {1, 5, 1, 28}, {2, 7, 1, 28}, {3, 8, 1, 28}, {1, 6, 1, 29}, {2, 8, 1, 29}, {3, 9, 1, 29}, {4, 4, 1, 30}, {5, 5, 2, 30}, {6, 6, 2, 30}, {7, 7, 1, 30}, {8, 8, 2, 30}, {9, 9, 1, 30}, {10, 10, 1, 31}, {11, 11, 3, 31}, {12, 12, 3, 31}, {13, 13, 3, 31}, {14, 14, 6, 31}, {15, 15, 3, 31}, {16, 16, 1, 31}, {17, 17, 3, 31}, {18, 18, 3, 31}, {19, 19, 1, 31}, {0, 20, 1, 32}, {1, 21, 1, 33}, {2, 22, 1, 33}, {3, 23, 1, 33}, {0, 25, 1, 34}, {0, 26, 1, 35}, {0, 30, 1, 36}, {1, 27, 1, 37}, {2, 28, 1, 37}, {3, 29, 1, 37}, {0, 32, 1, 38}, {0, 34, 1, 39}, {0, 35, 1, 40}}
alpha_scalar_moments = 16
alpha_moment_mapping = {0, 20, 24, 25, 26, 30, 31, 32, 33, 34, 35, 36, 37, 38, 39, 40}
species_coeffs = {-1.593523942814553e+00}
moment_coeffs = {-6.788781997191596e+00, 5.491083954222367e-01, 3.361518564574796e-01, 8.194051307930541e+00, 4.834750246645476e+00, -1.100674155225996e+00, -1.064268936907387e+00, -1.917372426714663e-01, 2.222132210302449e-01, -3.773191091084845e+00, -4.994838878393867e+00, 2.841148923480230e-01, -7.315368189792549e-01, -3.898511626985526e-03, 6.066167992689674e-01, 1.726781201678933e+00}