MTP
version = 1.1.0
potential_name = MTP1m
scaling = 2.822016285395037e-02
species_count = 1
potential_tag = 
radial_basis_type = RBChebyshev
	min_dist = 2.000000000000000e+00
	max_dist = 5.000000000000000e+00
	radial_basis_size = 8
	radial_funcs_count = 3
	radial_coeffs
		0-0
			{-1.453582458038514e-01, -5.337084466252451e-01, 5.999928769008033e-02, 1.017489193105999e-01, 7.772953440970691e-01, 2.051129494907792e-01, 1.813615610981028e-01, 3.036653792868116e-02}
			{-9.469646800138495e-01, 9.141797973119817e-02, 3.584419354707797e-02, -1.916167157579150e-01, -1.519191794504046e-01, 1.497781952118995e-01, 9.540752036593486e-02, -4.778425714657406e-02}
			{-1.597956113049435e-01, 4.065941743912608e-01, -5.407577349414059e-01, 5.477479817792936e-01, 2.688982255887847e-01, -3.075102041781864e-01, 1.612101035697408e-01, -1.544094583406280e-01}
alpha_moments_count = 41
alpha_index_basic_count = 25
alpha_index_basic = {{0, 0, 0, 0}, {0, 1, 0, 0}, {0, 0, 1, 0}, {0, 0, 0, 1}, {0, 2, 0, 0}, {0, 1, 1, 0}, {0, 1, 0, 1}, {0, 0, 2, 0}, {0, 0, 1, 1}, {0, 0, 0, 2}, {0, 3, 0, 0}, {0, 2, 1, 0}, {0, 2, 0, 1}, {0, 1, 2, 0}, {0, 1, 1, 1}, {0, 1, 0, 2}, {0, 0, 3, 0}, {0, 0, 2, 1}, {0, 0, 1, 2}, {0, 0, 0, 3}, {1, 0, 0, 0}, {1, 1, 0, 0}, {1, 0, 1, 0}, {1, 0, 0, 1}, {2, 0, 0, 0}}
alpha_index_times_count = 42
alpha_index_times = {{0, 0, 1, 25}, {1, 1, 1, 26}, {2, 2, 1, 26}, {3, 3, 1, 26}, {1, 4, 1, 27}, {2, 5, 1, 27}, {3, 6, 1, 27}, {1, 5, 1, 28}, {2, 7, 1, 28}, {3, 8, 1, 28}, {1, 6, 1, 29}, {2, 8, 1, 29}, {3, 9, 1, 29}, {4, 4, 1, 30}, {5, 5, 2, 30}, {6, 6, 2, 30}, {7, 7, 1, 30}, {8, 8, 2, 30}, {9, 9, 1, 30}, {10, 10, 1, 31}, {11, 11, 3, 31}, {12, 12, 3, 31}, {13, 13, 3, 31}, {14, 14, 6, 31}, {15, 15, 3, 31}, {16, 16, 1, 31}, {17, 17, 3, 31}, {18, 18, 3, 31}, {19, 19, 1, 31}, {0, 20, 1, 32}, {1, 21, 1, 33}, {2, 22, 1, 33}, {3, 23, 1, 33}, {0, 25, 1, 34}, {0, 26, 1, 35}, {0, 30, 1, 36}, {1, 27, 1, 37}, {2, 28, 1, 37}, {3, 29, 1, 37}, {0, 32, 1, 38}, {0, 34, 1, 39}, {0, 35, 1, 40}}
alpha_scalar_moments = 16
alpha_moment_mapping = {0, 20, 24, 25, 26, 30, 31, 32, 33, 34, 35, 36, 37, 38, 39, 40}
species_coeffs = {-3.693957771239828e+00}
moment_coeffs = {-2.027135923908881e+00, -4.080915325898656e-01, -6.305502251708782e-01, -1.166434708774435e+00, 1.055662445949478e+00, -2.719879485967490e+00, -3.164609639232846e+00, -1.023008060589738e+00, 1.202663450138040e+00, -2.508079125837068e-01, -1.765689516892741e+00, -2.968881762869751e+00, -1.000453949303668e+00, -2.571530500338511e-01, 3.553935917388021e+00, -1.231734778594876e+00}