MTP
version = 1.1.0
potential_name = MTP1m
scaling = 1.811392590596448e-02
species_count = 1
potential_tag = 
radial_basis_type = RBChebyshev
	min_dist = 2.000000000000000e+00
	max_dist = 5.000000000000000e+00
	radial_basis_size = 8
	radial_funcs_count = 3
	radial_coeffs
		0-0
			{-4.864317375031496e-01, -7.454451847899018e-01, -1.723691196202078e-01, -3.659752200198064e-01, 7.240868446477633e-02, -1.931776064351183e-01, -2.391056541750710e-02, -3.023813822838880e-02}
			{-5.889012305381442e-01, 2.394703683691806e-01, -4.593581516278947e-01, 2.673415329289333e-01, -4.781380914324280e-01, 2.887538361449699e-01, -3.610721287636978e-02, -8.326623518571635e-03}
			{-2.037457627746316e-01, 4.088803138819042e-01, -4.251980143106127e-01, 2.283460829344126e-02, 5.491151944754036e-01, -5.268834028301658e-01, 1.495218422740420e-01, -9.219209978592403e-02}
alpha_moments_count = 41
alpha_index_basic_count = 25
alpha_index_basic = {{0, 0, 0, 0}, {0, 1, 0, 0}, {0, 0, 1, 0}, {0, 0, 0, 1}, {0, 2, 0, 0}, {0, 1, 1, 0}, {0, 1, 0, 1}, {0, 0, 2, 0}, {0, 0, 1, 1}, {0, 0, 0, 2}, {0, 3, 0, 0}, {0, 2, 1, 0}, {0, 2, 0, 1}, {0, 1, 2, 0}, {0, 1, 1, 1}, {0, 1, 0, 2}, {0, 0, 3, 0}, {0, 0, 2, 1}, {0, 0, 1, 2}, {0, 0, 0, 3}, {1, 0, 0, 0}, {1, 1, 0, 0}, {1, 0, 1, 0}, {1, 0, 0, 1}, {2, 0, 0, 0}}
alpha_index_times_count = 42
alpha_index_times = {{0, 0, 1, 25}, {1, 1, 1, 26}, {2, 2, 1, 26}, {3, 3, 1, 26}, {1, 4, 1, 27}, {2, 5, 1, 27}, {3, 6, 1, 27}, {1, 5, 1, 28}, {2, 7, 1, 28}, {3, 8, 1, 28}, {1, 6, 1, 29}, {2, 8, 1, 29}, {3, 9, 1, 29}, {4, 4, 1, 30}, {5, 5, 2, 30}, {6, 6, 2, 30}, {7, 7, 1, 30}, {8, 8, 2, 30}, {9, 9, 1, 30}, {10, 10, 1, 31}, {11, 11, 3, 31}, {12, 12, 3, 31}, {13, 13, 3, 31}, {14, 14, 6, 31}, {15, 15, 3, 31}, {16, 16, 1, 31}, {17, 17, 3, 31}, {18, 18, 3, 31}, {19, 19, 1, 31}, {0, 20, 1, 32}, {1, 21, 1, 33}, {2, 22, 1, 33}, {3, 23, 1, 33}, {0, 25, 1, 34}, {0, 26, 1, 35}, {0, 30, 1, 36}, {1, 27, 1, 37}, {2, 28, 1, 37}, {3, 29, 1, 37}, {0, 32, 1, 38}, {0, 34, 1, 39}, {0, 35, 1, 40}}
alpha_scalar_moments = 16
alpha_moment_mapping = {0, 20, 24, 25, 26, 30, 31, 32, 33, 34, 35, 36, 37, 38, 39, 40}
species_coeffs = {6.631403993207524e+00}
moment_coeffs = {1.157659447891090e+02, 3.191938324677655e+00, -1.155338202914972e+00, 4.813833368282486e+02, 3.729986610224235e+01, -4.389127207877198e+01, -2.694769026491755e+01, 3.545401510843631e+01, 3.757627205444794e+00, 8.378988927927569e+02, 5.961379541871396e+01, -6.482056207890737e+01, 8.882555504772205e+01, 6.431215874940902e+01, 5.284493408810299e+02, 1.082149745091610e+02}