MTP
version = 1.1.0
potential_name = MTP1m
scaling = 3.414639705327995e-02
species_count = 1
potential_tag = 
radial_basis_type = RBChebyshev
	min_dist = 2.000000000000000e+00
	max_dist = 5.000000000000000e+00
	radial_basis_size = 8
	radial_funcs_count = 3
	radial_coeffs
		0-0
			{8.319593126749706e-01, 3.722097508692426e-02, 2.589601015115519e-01, 7.855977721858807e-03, -4.548165611803944e-01, -1.051585416407665e-02, 1.293291512225839e-01, 1.250661138654909e-01}
			{-6.824711774995085e-03, -7.099033869432703e-01, 4.724686004431555e-01, 1.715999871401004e-01, 2.577080025894441e-01, 3.358888588403248e-01, 2.516776627908528e-01, -2.722285225509019e-02}
			{3.160495802694952e-01, -1.915336597407159e-01, -5.674423397725588e-01, 7.118807597898134e-02, 4.537945685994931e-01, -1.430116697849154e-01, 2.642271698275735e-01, 4.900725687176332e-01}
alpha_moments_count = 41
alpha_index_basic_count = 25
alpha_index_basic = {{0, 0, 0, 0}, {0, 1, 0, 0}, {0, 0, 1, 0}, {0, 0, 0, 1}, {0, 2, 0, 0}, {0, 1, 1, 0}, {0, 1, 0, 1}, {0, 0, 2, 0}, {0, 0, 1, 1}, {0, 0, 0, 2}, {0, 3, 0, 0}, {0, 2, 1, 0}, {0, 2, 0, 1}, {0, 1, 2, 0}, {0, 1, 1, 1}, {0, 1, 0, 2}, {0, 0, 3, 0}, {0, 0, 2, 1}, {0, 0, 1, 2}, {0, 0, 0, 3}, {1, 0, 0, 0}, {1, 1, 0, 0}, {1, 0, 1, 0}, {1, 0, 0, 1}, {2, 0, 0, 0}}
alpha_index_times_count = 42
alpha_index_times = {{0, 0, 1, 25}, {1, 1, 1, 26}, {2, 2, 1, 26}, {3, 3, 1, 26}, {1, 4, 1, 27}, {2, 5, 1, 27}, {3, 6, 1, 27}, {1, 5, 1, 28}, {2, 7, 1, 28}, {3, 8, 1, 28}, {1, 6, 1, 29}, {2, 8, 1, 29}, {3, 9, 1, 29}, {4, 4, 1, 30}, {5, 5, 2, 30}, {6, 6, 2, 30}, {7, 7, 1, 30}, {8, 8, 2, 30}, {9, 9, 1, 30}, {10, 10, 1, 31}, {11, 11, 3, 31}, {12, 12, 3, 31}, {13, 13, 3, 31}, {14, 14, 6, 31}, {15, 15, 3, 31}, {16, 16, 1, 31}, {17, 17, 3, 31}, {18, 18, 3, 31}, {19, 19, 1, 31}, {0, 20, 1, 32}, {1, 21, 1, 33}, {2, 22, 1, 33}, {3, 23, 1, 33}, {0, 25, 1, 34}, {0, 26, 1, 35}, {0, 30, 1, 36}, {1, 27, 1, 37}, {2, 28, 1, 37}, {3, 29, 1, 37}, {0, 32, 1, 38}, {0, 34, 1, 39}, {0, 35, 1, 40}}
alpha_scalar_moments = 16
alpha_moment_mapping = {0, 20, 24, 25, 26, 30, 31, 32, 33, 34, 35, 36, 37, 38, 39, 40}
species_coeffs = {-3.910932559685951e+01}
moment_coeffs = {8.727551042432998e+01, -2.306725928457430e+01, 4.806332818915408e-01, -7.855120579556403e+01, 4.593957953703881e+01, 1.534325052444643e+01, -2.175321904374213e+00, 3.397720510623930e+01, -5.896286703311858e+00, 2.407283361350952e+01, -5.829548651193481e+01, -9.602572970745674e+00, -1.291690290412658e+01, -1.198189351405922e+01, -4.175851712167988e-01, 2.390852123362827e+01}