MTP
version = 1.1.0
potential_name = MTP1m
scaling = 1.357095522893844e-01
species_count = 1
potential_tag = 
radial_basis_type = RBChebyshev
	min_dist = 2.000000000000000e+00
	max_dist = 5.000000000000000e+00
	radial_basis_size = 8
	radial_funcs_count = 3
	radial_coeffs
		0-0
			{3.571154243145266e-01, 7.288466948207345e-01, -3.457415834004048e-01, -2.162472747938999e-01, 1.270572031673816e-02, -2.351302769053542e-01, -3.383706455060192e-01, -7.077122177144837e-02}
			{-3.129481745292983e-01, 2.220983579894695e-01, 7.196189484211168e-02, 9.094209182201554e-02, -5.937440509614312e-01, -4.357877233279479e-01, 1.902095597159651e-01, 5.105528041252365e-01}
			{4.480944238999251e-02, 6.955972962746866e-02, -1.517640980875226e-01, -4.393649898996305e-01, 4.356625120634696e-01, -1.643118051021765e-01, 7.229633589057100e-01, 1.939159849919934e-01}
alpha_moments_count = 41
alpha_index_basic_count = 25
alpha_index_basic = {{0, 0, 0, 0}, {0, 1, 0, 0}, {0, 0, 1, 0}, {0, 0, 0, 1}, {0, 2, 0, 0}, {0, 1, 1, 0}, {0, 1, 0, 1}, {0, 0, 2, 0}, {0, 0, 1, 1}, {0, 0, 0, 2}, {0, 3, 0, 0}, {0, 2, 1, 0}, {0, 2, 0, 1}, {0, 1, 2, 0}, {0, 1, 1, 1}, {0, 1, 0, 2}, {0, 0, 3, 0}, {0, 0, 2, 1}, {0, 0, 1, 2}, {0, 0, 0, 3}, {1, 0, 0, 0}, {1, 1, 0, 0}, {1, 0, 1, 0}, {1, 0, 0, 1}, {2, 0, 0, 0}}
alpha_index_times_count = 42
alpha_index_times = {{0, 0, 1, 25}, {1, 1, 1, 26}, {2, 2, 1, 26}, {3, 3, 1, 26}, {1, 4, 1, 27}, {2, 5, 1, 27}, {3, 6, 1, 27}, {1, 5, 1, 28}, {2, 7, 1, 28}, {3, 8, 1, 28}, {1, 6, 1, 29}, {2, 8, 1, 29}, {3, 9, 1, 29}, {4, 4, 1, 30}, {5, 5, 2, 30}, {6, 6, 2, 30}, {7, 7, 1, 30}, {8, 8, 2, 30}, {9, 9, 1, 30}, {10, 10, 1, 31}, {11, 11, 3, 31}, {12, 12, 3, 31}, {13, 13, 3, 31}, {14, 14, 6, 31}, {15, 15, 3, 31}, {16, 16, 1, 31}, {17, 17, 3, 31}, {18, 18, 3, 31}, {19, 19, 1, 31}, {0, 20, 1, 32}, {1, 21, 1, 33}, {2, 22, 1, 33}, {3, 23, 1, 33}, {0, 25, 1, 34}, {0, 26, 1, 35}, {0, 30, 1, 36}, {1, 27, 1, 37}, {2, 28, 1, 37}, {3, 29, 1, 37}, {0, 32, 1, 38}, {0, 34, 1, 39}, {0, 35, 1, 40}}
alpha_scalar_moments = 16
alpha_moment_mapping = {0, 20, 24, 25, 26, 30, 31, 32, 33, 34, 35, 36, 37, 38, 39, 40}
species_coeffs = {-4.423765950449869e+00}
moment_coeffs = {-2.769354419480169e-01, 9.649205465199769e-02, 1.418007246280915e-01, -2.550799869163394e+00, 4.567613444985464e-01, -2.178981507390534e-01, -6.119238605901884e-01, -5.011827664621222e-01, -4.226191468779356e-02, 5.260877555951086e+00, -1.072739042467147e-02, 6.316793436164405e-01, -4.105267812968979e-02, 4.644462560263505e-01, -2.382626651903726e+00, 7.219934951374997e-02}