MTP
version = 1.1.0
potential_name = MTP1m
scaling = 2.191785034621703e-02
species_count = 1
potential_tag = 
radial_basis_type = RBChebyshev
	min_dist = 2.000000000000000e+00
	max_dist = 5.000000000000000e+00
	radial_basis_size = 8
	radial_funcs_count = 3
	radial_coeffs
		0-0
			{-8.248436975610960e-01, -2.159437997155110e-01, -1.959611429503547e-01, -2.933148920549191e-01, 2.350902179624902e-01, 1.130115291628212e-01, -2.588152424198271e-01, -1.163718509621827e-01}
			{-1.297085622241719e-01, 1.546930841114244e-01, 1.561034185079370e-01, 6.038872541862597e-01, 7.237497167491690e-01, -1.193338428911744e-01, 1.383201241980926e-01, -1.140656366461695e-01}
			{-2.075441875145189e-01, 2.578621058532981e-01, 2.211661223801039e-01, -1.934563183230763e-01, 6.497422722146037e-02, -4.567666465536706e-01, 1.196507447793905e-02, 7.688251819444365e-01}
alpha_moments_count = 41
alpha_index_basic_count = 25
alpha_index_basic = {{0, 0, 0, 0}, {0, 1, 0, 0}, {0, 0, 1, 0}, {0, 0, 0, 1}, {0, 2, 0, 0}, {0, 1, 1, 0}, {0, 1, 0, 1}, {0, 0, 2, 0}, {0, 0, 1, 1}, {0, 0, 0, 2}, {0, 3, 0, 0}, {0, 2, 1, 0}, {0, 2, 0, 1}, {0, 1, 2, 0}, {0, 1, 1, 1}, {0, 1, 0, 2}, {0, 0, 3, 0}, {0, 0, 2, 1}, {0, 0, 1, 2}, {0, 0, 0, 3}, {1, 0, 0, 0}, {1, 1, 0, 0}, {1, 0, 1, 0}, {1, 0, 0, 1}, {2, 0, 0, 0}}
alpha_index_times_count = 42
alpha_index_times = {{0, 0, 1, 25}, {1, 1, 1, 26}, {2, 2, 1, 26}, {3, 3, 1, 26}, {1, 4, 1, 27}, {2, 5, 1, 27}, {3, 6, 1, 27}, {1, 5, 1, 28}, {2, 7, 1, 28}, {3, 8, 1, 28}, {1, 6, 1, 29}, {2, 8, 1, 29}, {3, 9, 1, 29}, {4, 4, 1, 30}, {5, 5, 2, 30}, {6, 6, 2, 30}, {7, 7, 1, 30}, {8, 8, 2, 30}, {9, 9, 1, 30}, {10, 10, 1, 31}, {11, 11, 3, 31}, {12, 12, 3, 31}, {13, 13, 3, 31}, {14, 14, 6, 31}, {15, 15, 3, 31}, {16, 16, 1, 31}, {17, 17, 3, 31}, {18, 18, 3, 31}, {19, 19, 1, 31}, {0, 20, 1, 32}, {1, 21, 1, 33}, {2, 22, 1, 33}, {3, 23, 1, 33}, {0, 25, 1, 34}, {0, 26, 1, 35}, {0, 30, 1, 36}, {1, 27, 1, 37}, {2, 28, 1, 37}, {3, 29, 1, 37}, {0, 32, 1, 38}, {0, 34, 1, 39}, {0, 35, 1, 40}}
alpha_scalar_moments = 16
alpha_moment_mapping = {0, 20, 24, 25, 26, 30, 31, 32, 33, 34, 35, 36, 37, 38, 39, 40}
species_coeffs = {-8.776526280176994e+01}
moment_coeffs = {-5.284472190543372e+02, -4.241083775741401e+00, 2.185732513516891e-01, -1.295244245031185e+03, 3.866859288617814e+02, 1.806585888396362e+01, -1.508254759045980e+01, -6.649023369972213e+00, -4.480678684863785e+00, -1.455489394673410e+03, 1.060946059333854e+03, 7.290442103706003e+01, -4.467375084549149e+00, 5.093255225509817e+00, -6.003703399240222e+02, 7.277398594797255e+02}