MTP
version = 1.1.0
potential_name = MTP1m
scaling = 6.490547151887453e-02
species_count = 1
potential_tag = 
radial_basis_type = RBChebyshev
	min_dist = 2.000000000000000e+00
	max_dist = 5.000000000000000e+00
	radial_basis_size = 8
	radial_funcs_count = 3
	radial_coeffs
		0-0
			{-7.640046894166298e-01, 1.838171665922967e-01, -4.574650768772799e-01, 2.590204171289835e-02, 3.705645271425978e-01, 1.622406840879939e-01, -8.800408508586424e-02, -3.432263606702382e-02}
			{7.314875077907254e-02, -1.305866892850561e-01, 2.803678223489587e-01, 2.808797713301738e-01, 1.097593510373278e-01, 7.950578565420509e-01, -4.017060748393508e-01, 1.206852656194106e-01}
			{3.394491016248609e-01, 3.304523264448064e-01, 6.652441459740291e-02, -4.300620704491421e-01, 6.776229805444111e-01, 6.185242096467401e-02, 1.080125741897937e-01, 3.339630854639054e-01}
alpha_moments_count = 41
alpha_index_basic_count = 25
alpha_index_basic = {{0, 0, 0, 0}, {0, 1, 0, 0}, {0, 0, 1, 0}, {0, 0, 0, 1}, {0, 2, 0, 0}, {0, 1, 1, 0}, {0, 1, 0, 1}, {0, 0, 2, 0}, {0, 0, 1, 1}, {0, 0, 0, 2}, {0, 3, 0, 0}, {0, 2, 1, 0}, {0, 2, 0, 1}, {0, 1, 2, 0}, {0, 1, 1, 1}, {0, 1, 0, 2}, {0, 0, 3, 0}, {0, 0, 2, 1}, {0, 0, 1, 2}, {0, 0, 0, 3}, {1, 0, 0, 0}, {1, 1, 0, 0}, {1, 0, 1, 0}, {1, 0, 0, 1}, {2, 0, 0, 0}}
alpha_index_times_count = 42
alpha_index_times = {{0, 0, 1, 25}, {1, 1, 1, 26}, {2, 2, 1, 26}, {3, 3, 1, 26}, {1, 4, 1, 27}, {2, 5, 1, 27}, {3, 6, 1, 27}, {1, 5, 1, 28}, {2, 7, 1, 28}, {3, 8, 1, 28}, {1, 6, 1, 29}, {2, 8, 1, 29}, {3, 9, 1, 29}, {4, 4, 1, 30}, {5, 5, 2, 30}, {6, 6, 2, 30}, {7, 7, 1, 30}, {8, 8, 2, 30}, {9, 9, 1, 30}, {10, 10, 1, 31}, {11, 11, 3, 31}, {12, 12, 3, 31}, {13, 13, 3, 31}, {14, 14, 6, 31}, {15, 15, 3, 31}, {16, 16, 1, 31}, {17, 17, 3, 31}, {18, 18, 3, 31}, {19, 19, 1, 31}, {0, 20, 1, 32}, {1, 21, 1, 33}, {2, 22, 1, 33}, {3, 23, 1, 33}, {0, 25, 1, 34}, {0, 26, 1, 35}, {0, 30, 1, 36}, {1, 27, 1, 37}, {2, 28, 1, 37}, {3, 29, 1, 37}, {0, 32, 1, 38}, {0, 34, 1, 39}, {0, 35, 1, 40}}
alpha_scalar_moments = 16
alpha_moment_mapping = {0, 20, 24, 25, 26, 30, 31, 32, 33, 34, 35, 36, 37, 38, 39, 40}
species_coeffs = {-7.049255586514710e+00}
moment_coeffs = {-5.925527320568484e+00, -3.590439781133729e-01, 1.834798641367588e-01, -5.553333677881707e+00, -2.409733430732713e+01, 1.685360812620100e+00, 1.060367398595590e-01, 9.800911534308443e-02, -7.896187287452017e-02, -1.781344175705095e+00, -2.337411308340055e+01, 3.673443808452199e-02, 2.528620793866783e+00, 9.642237211533107e-02, -2.483181083268900e-01, -5.285024989444557e+00}