MTP
version = 1.1.0
potential_name = MTP1m
scaling = 6.490547151887452e-02
species_count = 1
potential_tag = 
radial_basis_type = RBChebyshev
	min_dist = 2.000000000000000e+00
	max_dist = 5.000000000000000e+00
	radial_basis_size = 8
	radial_funcs_count = 3
	radial_coeffs
		0-0
			{6.954232508304293e-01, -2.155671805514748e-01, 6.615938498695410e-01, 1.156418314090526e-01, 4.226308849913857e-02, 1.016652096980078e-01, 7.945711462813405e-02, 2.006041223980357e-02}
			{5.090493132927167e-02, -2.855989132034261e-01, -2.346623414096491e-01, 1.748380583646343e-01, -6.102718398434996e-01, 1.510086302233582e-01, 5.026752496473696e-01, 4.269536922183243e-01}
			{-1.552154444811988e-01, 4.210242965444992e-01, 4.326656485135630e-01, -1.812957397556219e-01, -6.995924884271590e-01, -2.212741044293712e-01, -1.488572373137236e-01, -1.342707779120759e-01}
alpha_moments_count = 41
alpha_index_basic_count = 25
alpha_index_basic = {{0, 0, 0, 0}, {0, 1, 0, 0}, {0, 0, 1, 0}, {0, 0, 0, 1}, {0, 2, 0, 0}, {0, 1, 1, 0}, {0, 1, 0, 1}, {0, 0, 2, 0}, {0, 0, 1, 1}, {0, 0, 0, 2}, {0, 3, 0, 0}, {0, 2, 1, 0}, {0, 2, 0, 1}, {0, 1, 2, 0}, {0, 1, 1, 1}, {0, 1, 0, 2}, {0, 0, 3, 0}, {0, 0, 2, 1}, {0, 0, 1, 2}, {0, 0, 0, 3}, {1, 0, 0, 0}, {1, 1, 0, 0}, {1, 0, 1, 0}, {1, 0, 0, 1}, {2, 0, 0, 0}}
alpha_index_times_count = 42
alpha_index_times = {{0, 0, 1, 25}, {1, 1, 1, 26}, {2, 2, 1, 26}, {3, 3, 1, 26}, {1, 4, 1, 27}, {2, 5, 1, 27}, {3, 6, 1, 27}, {1, 5, 1, 28}, {2, 7, 1, 28}, {3, 8, 1, 28}, {1, 6, 1, 29}, {2, 8, 1, 29}, {3, 9, 1, 29}, {4, 4, 1, 30}, {5, 5, 2, 30}, {6, 6, 2, 30}, {7, 7, 1, 30}, {8, 8, 2, 30}, {9, 9, 1, 30}, {10, 10, 1, 31}, {11, 11, 3, 31}, {12, 12, 3, 31}, {13, 13, 3, 31}, {14, 14, 6, 31}, {15, 15, 3, 31}, {16, 16, 1, 31}, {17, 17, 3, 31}, {18, 18, 3, 31}, {19, 19, 1, 31}, {0, 20, 1, 32}, {1, 21, 1, 33}, {2, 22, 1, 33}, {3, 23, 1, 33}, {0, 25, 1, 34}, {0, 26, 1, 35}, {0, 30, 1, 36}, {1, 27, 1, 37}, {2, 28, 1, 37}, {3, 29, 1, 37}, {0, 32, 1, 38}, {0, 34, 1, 39}, {0, 35, 1, 40}}
alpha_scalar_moments = 16
alpha_moment_mapping = {0, 20, 24, 25, 26, 30, 31, 32, 33, 34, 35, 36, 37, 38, 39, 40}
species_coeffs = {-2.299724349372735e+00}
moment_coeffs = {-2.297899180565613e+00, -6.622831596369514e-01, -1.830465741038169e-01, -9.575445086329933e-01, 2.772878670356766e+00, 2.004918111595728e+00, 1.148452006711059e-01, 7.750794619026128e-01, -2.753508022937534e-01, 5.295865336645542e-01, -3.997775763105319e+00, -3.297669452810585e-01, 7.903081088429806e-01, -2.220354199333106e-01, -5.693329327785342e-02, 1.252958361663480e+00}