MTP
version = 1.1.0
potential_name = MTP1m
scaling = 1.522072940709516e-02
species_count = 1
potential_tag = 
radial_basis_type = RBChebyshev
	min_dist = 2.000000000000000e+00
	max_dist = 5.000000000000000e+00
	radial_basis_size = 8
	radial_funcs_count = 3
	radial_coeffs
		0-0
			{-1.051097048120482e-01, -5.229676731927074e-02, -1.766768173586237e-01, 2.258381553905586e-01, -7.604070799115771e-01, 5.273665283960807e-01, 2.159858237538783e-01, 3.186170970409970e-02}
			{-3.978458437680827e-01, -7.121652365292243e-01, -3.342685232353051e-01, -4.100748480459525e-01, -9.614344975443036e-02, -2.001748172035412e-01, -5.302366074428423e-02, -5.017473545555453e-02}
			{-4.469811493880105e-01, 5.187408373739858e-01, -6.443573217493300e-01, 1.713745745728525e-01, 6.583642050147039e-02, -2.534095466492630e-01, 6.927902550376888e-02, -1.148902783447326e-01}
alpha_moments_count = 41
alpha_index_basic_count = 25
alpha_index_basic = {{0, 0, 0, 0}, {0, 1, 0, 0}, {0, 0, 1, 0}, {0, 0, 0, 1}, {0, 2, 0, 0}, {0, 1, 1, 0}, {0, 1, 0, 1}, {0, 0, 2, 0}, {0, 0, 1, 1}, {0, 0, 0, 2}, {0, 3, 0, 0}, {0, 2, 1, 0}, {0, 2, 0, 1}, {0, 1, 2, 0}, {0, 1, 1, 1}, {0, 1, 0, 2}, {0, 0, 3, 0}, {0, 0, 2, 1}, {0, 0, 1, 2}, {0, 0, 0, 3}, {1, 0, 0, 0}, {1, 1, 0, 0}, {1, 0, 1, 0}, {1, 0, 0, 1}, {2, 0, 0, 0}}
alpha_index_times_count = 42
alpha_index_times = {{0, 0, 1, 25}, {1, 1, 1, 26}, {2, 2, 1, 26}, {3, 3, 1, 26}, {1, 4, 1, 27}, {2, 5, 1, 27}, {3, 6, 1, 27}, {1, 5, 1, 28}, {2, 7, 1, 28}, {3, 8, 1, 28}, {1, 6, 1, 29}, {2, 8, 1, 29}, {3, 9, 1, 29}, {4, 4, 1, 30}, {5, 5, 2, 30}, {6, 6, 2, 30}, {7, 7, 1, 30}, {8, 8, 2, 30}, {9, 9, 1, 30}, {10, 10, 1, 31}, {11, 11, 3, 31}, {12, 12, 3, 31}, {13, 13, 3, 31}, {14, 14, 6, 31}, {15, 15, 3, 31}, {16, 16, 1, 31}, {17, 17, 3, 31}, {18, 18, 3, 31}, {19, 19, 1, 31}, {0, 20, 1, 32}, {1, 21, 1, 33}, {2, 22, 1, 33}, {3, 23, 1, 33}, {0, 25, 1, 34}, {0, 26, 1, 35}, {0, 30, 1, 36}, {1, 27, 1, 37}, {2, 28, 1, 37}, {3, 29, 1, 37}, {0, 32, 1, 38}, {0, 34, 1, 39}, {0, 35, 1, 40}}
alpha_scalar_moments = 16
alpha_moment_mapping = {0, 20, 24, 25, 26, 30, 31, 32, 33, 34, 35, 36, 37, 38, 39, 40}
species_coeffs = {-3.764488219626872e+00}
moment_coeffs = {1.528364107909957e+00, -2.078516637393640e+00, -1.659295985962871e+00, 2.853363319498103e+00, -8.765661510044338e-02, -1.259557224389832e+00, -1.261312863821337e+00, 1.410894008289965e+01, -7.961622774016610e+00, -1.527058805294808e+00, -4.389311185303688e-01, 2.347259950097604e+00, -2.697805656785102e-01, 1.083604594637096e+01, 2.776519486675153e+00, 2.273550929449401e+00}