MTP
version = 1.1.0
potential_name = MTP1m
scaling = 1.334756883387156e-01
species_count = 1
potential_tag = 
radial_basis_type = RBChebyshev
	min_dist = 2.000000000000000e+00
	max_dist = 5.000000000000000e+00
	radial_basis_size = 8
	radial_funcs_count = 3
	radial_coeffs
		0-0
			{3.695124913880686e-01, 5.214499501245056e-01, 5.639863603167626e-01, 4.578606508321870e-01, 2.413268961598093e-01, 7.431322693959237e-02, 5.839973147470145e-03, -6.184288547941121e-03}
			{8.851701129321686e-02, 7.873336673612024e-01, -3.504146967211637e-01, -3.502078919787207e-01, -3.073652687170725e-01, -1.527360681706477e-01, -4.681626874167226e-02, -8.270990821100245e-02}
			{6.926818523655203e-01, -2.286814031496884e-01, 2.136047437126002e-01, -6.222841161188035e-01, 1.467585628539602e-01, -1.045371116938208e-01, -2.852898489745294e-02, -4.185895692859355e-02}
alpha_moments_count = 41
alpha_index_basic_count = 25
alpha_index_basic = {{0, 0, 0, 0}, {0, 1, 0, 0}, {0, 0, 1, 0}, {0, 0, 0, 1}, {0, 2, 0, 0}, {0, 1, 1, 0}, {0, 1, 0, 1}, {0, 0, 2, 0}, {0, 0, 1, 1}, {0, 0, 0, 2}, {0, 3, 0, 0}, {0, 2, 1, 0}, {0, 2, 0, 1}, {0, 1, 2, 0}, {0, 1, 1, 1}, {0, 1, 0, 2}, {0, 0, 3, 0}, {0, 0, 2, 1}, {0, 0, 1, 2}, {0, 0, 0, 3}, {1, 0, 0, 0}, {1, 1, 0, 0}, {1, 0, 1, 0}, {1, 0, 0, 1}, {2, 0, 0, 0}}
alpha_index_times_count = 42
alpha_index_times = {{0, 0, 1, 25}, {1, 1, 1, 26}, {2, 2, 1, 26}, {3, 3, 1, 26}, {1, 4, 1, 27}, {2, 5, 1, 27}, {3, 6, 1, 27}, {1, 5, 1, 28}, {2, 7, 1, 28}, {3, 8, 1, 28}, {1, 6, 1, 29}, {2, 8, 1, 29}, {3, 9, 1, 29}, {4, 4, 1, 30}, {5, 5, 2, 30}, {6, 6, 2, 30}, {7, 7, 1, 30}, {8, 8, 2, 30}, {9, 9, 1, 30}, {10, 10, 1, 31}, {11, 11, 3, 31}, {12, 12, 3, 31}, {13, 13, 3, 31}, {14, 14, 6, 31}, {15, 15, 3, 31}, {16, 16, 1, 31}, {17, 17, 3, 31}, {18, 18, 3, 31}, {19, 19, 1, 31}, {0, 20, 1, 32}, {1, 21, 1, 33}, {2, 22, 1, 33}, {3, 23, 1, 33}, {0, 25, 1, 34}, {0, 26, 1, 35}, {0, 30, 1, 36}, {1, 27, 1, 37}, {2, 28, 1, 37}, {3, 29, 1, 37}, {0, 32, 1, 38}, {0, 34, 1, 39}, {0, 35, 1, 40}}
alpha_scalar_moments = 16
alpha_moment_mapping = {0, 20, 24, 25, 26, 30, 31, 32, 33, 34, 35, 36, 37, 38, 39, 40}
species_coeffs = {-5.077737002860261e+00}
moment_coeffs = {1.106752450265802e-01, 4.448149271541340e-01, 2.817884652713649e-01, 5.083217699769197e+00, 1.090040832743757e+01, 5.183567326957758e+00, -2.212852053268440e+00, -9.423970242264609e-01, -1.329689008220464e+00, -9.289155026780206e+00, -2.785440595648480e+01, -2.677926384063725e+00, -2.020187274330044e+01, 3.920632869268204e-01, 4.117279943870615e+00, 2.584417483842127e+01}