MTP
version = 1.1.0
potential_name = MTP1m
scaling = 7.724287519601593e-02
species_count = 1
potential_tag = 
radial_basis_type = RBChebyshev
	min_dist = 2.000000000000000e+00
	max_dist = 5.000000000000000e+00
	radial_basis_size = 8
	radial_funcs_count = 3
	radial_coeffs
		0-0
			{-3.704118123389768e-01, -7.305021029230053e-01, -3.505809224796544e-01, -4.032514698544782e-01, -6.064115897186879e-02, -1.896288988155052e-01, -5.650279763852113e-02, -2.853067454384684e-02}
			{6.062601459201424e-01, 6.308811688098349e-02, -3.548479780923840e-01, -1.702736571164788e-01, 3.443299288719419e-01, -4.675109240739905e-01, -2.894987498922729e-01, 2.293888141966906e-01}
			{-4.402416672643086e-01, 4.797057515888468e-01, -6.918632321716114e-01, 2.065894391217532e-01, 1.013776392864687e-02, -1.729600273022636e-01, 1.220840036034528e-01, -9.896104219141615e-02}
alpha_moments_count = 41
alpha_index_basic_count = 25
alpha_index_basic = {{0, 0, 0, 0}, {0, 1, 0, 0}, {0, 0, 1, 0}, {0, 0, 0, 1}, {0, 2, 0, 0}, {0, 1, 1, 0}, {0, 1, 0, 1}, {0, 0, 2, 0}, {0, 0, 1, 1}, {0, 0, 0, 2}, {0, 3, 0, 0}, {0, 2, 1, 0}, {0, 2, 0, 1}, {0, 1, 2, 0}, {0, 1, 1, 1}, {0, 1, 0, 2}, {0, 0, 3, 0}, {0, 0, 2, 1}, {0, 0, 1, 2}, {0, 0, 0, 3}, {1, 0, 0, 0}, {1, 1, 0, 0}, {1, 0, 1, 0}, {1, 0, 0, 1}, {2, 0, 0, 0}}
alpha_index_times_count = 42
alpha_index_times = {{0, 0, 1, 25}, {1, 1, 1, 26}, {2, 2, 1, 26}, {3, 3, 1, 26}, {1, 4, 1, 27}, {2, 5, 1, 27}, {3, 6, 1, 27}, {1, 5, 1, 28}, {2, 7, 1, 28}, {3, 8, 1, 28}, {1, 6, 1, 29}, {2, 8, 1, 29}, {3, 9, 1, 29}, {4, 4, 1, 30}, {5, 5, 2, 30}, {6, 6, 2, 30}, {7, 7, 1, 30}, {8, 8, 2, 30}, {9, 9, 1, 30}, {10, 10, 1, 31}, {11, 11, 3, 31}, {12, 12, 3, 31}, {13, 13, 3, 31}, {14, 14, 6, 31}, {15, 15, 3, 31}, {16, 16, 1, 31}, {17, 17, 3, 31}, {18, 18, 3, 31}, {19, 19, 1, 31}, {0, 20, 1, 32}, {1, 21, 1, 33}, {2, 22, 1, 33}, {3, 23, 1, 33}, {0, 25, 1, 34}, {0, 26, 1, 35}, {0, 30, 1, 36}, {1, 27, 1, 37}, {2, 28, 1, 37}, {3, 29, 1, 37}, {0, 32, 1, 38}, {0, 34, 1, 39}, {0, 35, 1, 40}}
alpha_scalar_moments = 16
alpha_moment_mapping = {0, 20, 24, 25, 26, 30, 31, 32, 33, 34, 35, 36, 37, 38, 39, 40}
species_coeffs = {-1.894714311719653e+00}
moment_coeffs = {1.260789945051400e+01, -9.664391698272159e-02, -3.039824957302359e-01, 3.326936480979339e+01, 7.378725619648975e+00, -6.277819710605436e+00, -3.734509852159307e+00, -7.088006014555205e-01, -1.956395130003265e-01, 3.250174609573207e+01, 1.199709371219559e+01, -6.024902274533671e+00, 3.629010111637250e+00, -8.797556176222838e-01, 1.047905554609123e+01, 1.072384016548978e+01}