MTP
version = 1.1.0
potential_name = MTP1m
scaling = 7.788656582264943e-02
species_count = 1
potential_tag = 
radial_basis_type = RBChebyshev
	min_dist = 2.000000000000000e+00
	max_dist = 5.000000000000000e+00
	radial_basis_size = 8
	radial_funcs_count = 3
	radial_coeffs
		0-0
			{-3.835698859413297e-01, -7.232942264597023e-01, -3.689174099253787e-01, -3.886424756335400e-01, -8.441865979576667e-02, -1.778190155551373e-01, -5.493798714868540e-02, -2.850052121872073e-02}
			{5.612265096529758e-01, -4.266903983604547e-03, -1.617648236075414e-01, -9.615671071599607e-02, 1.577709746693186e-01, -6.520762483028337e-01, -3.627555630455556e-01, 2.605876318080553e-01}
			{3.812772740427389e-01, -5.016421977244360e-01, 6.957166232775132e-01, -2.168315375135277e-01, 1.278874726803489e-02, 2.533308316791764e-01, -6.518728249925074e-02, 5.792896736525289e-02}
alpha_moments_count = 41
alpha_index_basic_count = 25
alpha_index_basic = {{0, 0, 0, 0}, {0, 1, 0, 0}, {0, 0, 1, 0}, {0, 0, 0, 1}, {0, 2, 0, 0}, {0, 1, 1, 0}, {0, 1, 0, 1}, {0, 0, 2, 0}, {0, 0, 1, 1}, {0, 0, 0, 2}, {0, 3, 0, 0}, {0, 2, 1, 0}, {0, 2, 0, 1}, {0, 1, 2, 0}, {0, 1, 1, 1}, {0, 1, 0, 2}, {0, 0, 3, 0}, {0, 0, 2, 1}, {0, 0, 1, 2}, {0, 0, 0, 3}, {1, 0, 0, 0}, {1, 1, 0, 0}, {1, 0, 1, 0}, {1, 0, 0, 1}, {2, 0, 0, 0}}
alpha_index_times_count = 42
alpha_index_times = {{0, 0, 1, 25}, {1, 1, 1, 26}, {2, 2, 1, 26}, {3, 3, 1, 26}, {1, 4, 1, 27}, {2, 5, 1, 27}, {3, 6, 1, 27}, {1, 5, 1, 28}, {2, 7, 1, 28}, {3, 8, 1, 28}, {1, 6, 1, 29}, {2, 8, 1, 29}, {3, 9, 1, 29}, {4, 4, 1, 30}, {5, 5, 2, 30}, {6, 6, 2, 30}, {7, 7, 1, 30}, {8, 8, 2, 30}, {9, 9, 1, 30}, {10, 10, 1, 31}, {11, 11, 3, 31}, {12, 12, 3, 31}, {13, 13, 3, 31}, {14, 14, 6, 31}, {15, 15, 3, 31}, {16, 16, 1, 31}, {17, 17, 3, 31}, {18, 18, 3, 31}, {19, 19, 1, 31}, {0, 20, 1, 32}, {1, 21, 1, 33}, {2, 22, 1, 33}, {3, 23, 1, 33}, {0, 25, 1, 34}, {0, 26, 1, 35}, {0, 30, 1, 36}, {1, 27, 1, 37}, {2, 28, 1, 37}, {3, 29, 1, 37}, {0, 32, 1, 38}, {0, 34, 1, 39}, {0, 35, 1, 40}}
alpha_scalar_moments = 16
alpha_moment_mapping = {0, 20, 24, 25, 26, 30, 31, 32, 33, 34, 35, 36, 37, 38, 39, 40}
species_coeffs = {-1.126998100327717e+00}
moment_coeffs = {1.698738120472537e+01, -1.558903233588554e-01, 3.093623376252509e-01, 4.401560875804564e+01, 1.163052438815454e+01, -8.830048802152684e+00, -5.685194098050486e+00, -1.016110474103003e+00, -2.209081327843423e-01, 4.360287529240643e+01, 2.062097539776405e+01, -8.375658207661695e+00, 6.923309255712256e+00, -1.131329028162842e+00, 1.448679860396792e+01, 1.943362431618004e+01}