MTP
version = 1.1.0
potential_name = MTP1m
scaling = 4.131714043446873e-02
species_count = 1
potential_tag = 
radial_basis_type = RBChebyshev
	min_dist = 2.000000000000000e+00
	max_dist = 5.000000000000000e+00
	radial_basis_size = 8
	radial_funcs_count = 3
	radial_coeffs
		0-0
			{3.415384290911538e-01, 6.708660703642970e-02, 6.840880501161553e-01, 5.693581478216444e-01, 2.904818242976836e-01, 3.551719215816392e-02, -3.262768488791248e-02, 6.439672916885155e-07}
			{-6.510666884079831e-01, -5.996162873641738e-01, 1.931951383178054e-01, 3.163394621518502e-01, -1.703320301083120e-01, -1.545694430323141e-01, -1.620037894309891e-01, 5.245626632742392e-03}
			{4.074416100162007e-01, -6.572361860453338e-01, 2.545286597934309e-01, -5.468822265440570e-01, 1.562120275053911e-01, -1.134328761989274e-01, -2.570478926048957e-02, -1.539382613035559e-02}
alpha_moments_count = 41
alpha_index_basic_count = 25
alpha_index_basic = {{0, 0, 0, 0}, {0, 1, 0, 0}, {0, 0, 1, 0}, {0, 0, 0, 1}, {0, 2, 0, 0}, {0, 1, 1, 0}, {0, 1, 0, 1}, {0, 0, 2, 0}, {0, 0, 1, 1}, {0, 0, 0, 2}, {0, 3, 0, 0}, {0, 2, 1, 0}, {0, 2, 0, 1}, {0, 1, 2, 0}, {0, 1, 1, 1}, {0, 1, 0, 2}, {0, 0, 3, 0}, {0, 0, 2, 1}, {0, 0, 1, 2}, {0, 0, 0, 3}, {1, 0, 0, 0}, {1, 1, 0, 0}, {1, 0, 1, 0}, {1, 0, 0, 1}, {2, 0, 0, 0}}
alpha_index_times_count = 42
alpha_index_times = {{0, 0, 1, 25}, {1, 1, 1, 26}, {2, 2, 1, 26}, {3, 3, 1, 26}, {1, 4, 1, 27}, {2, 5, 1, 27}, {3, 6, 1, 27}, {1, 5, 1, 28}, {2, 7, 1, 28}, {3, 8, 1, 28}, {1, 6, 1, 29}, {2, 8, 1, 29}, {3, 9, 1, 29}, {4, 4, 1, 30}, {5, 5, 2, 30}, {6, 6, 2, 30}, {7, 7, 1, 30}, {8, 8, 2, 30}, {9, 9, 1, 30}, {10, 10, 1, 31}, {11, 11, 3, 31}, {12, 12, 3, 31}, {13, 13, 3, 31}, {14, 14, 6, 31}, {15, 15, 3, 31}, {16, 16, 1, 31}, {17, 17, 3, 31}, {18, 18, 3, 31}, {19, 19, 1, 31}, {0, 20, 1, 32}, {1, 21, 1, 33}, {2, 22, 1, 33}, {3, 23, 1, 33}, {0, 25, 1, 34}, {0, 26, 1, 35}, {0, 30, 1, 36}, {1, 27, 1, 37}, {2, 28, 1, 37}, {3, 29, 1, 37}, {0, 32, 1, 38}, {0, 34, 1, 39}, {0, 35, 1, 40}}
alpha_scalar_moments = 16
alpha_moment_mapping = {0, 20, 24, 25, 26, 30, 31, 32, 33, 34, 35, 36, 37, 38, 39, 40}
species_coeffs = {-1.966801029437879e+00}
moment_coeffs = {-2.947721108373532e+01, -7.501208270977334e-01, 1.041338237755316e+00, 7.936442337956872e+01, 3.410697197547305e+00, 1.000150430705423e+01, -1.712477288261427e+00, -6.168344343160663e+00, -2.830447249125489e-01, -8.286160180417535e+01, 5.307081508896328e+00, -1.025911726262341e+01, -3.357491872956138e+01, 1.194727815201321e+01, 3.475677485234472e+01, 1.348076629831606e+01}