MTP
version = 1.1.0
potential_name = MTP1m
scaling = 6.490547151887453e-02
species_count = 1
potential_tag = 
radial_basis_type = RBChebyshev
	min_dist = 2.000000000000000e+00
	max_dist = 5.000000000000000e+00
	radial_basis_size = 8
	radial_funcs_count = 3
	radial_coeffs
		0-0
			{-3.597416577780733e-01, -7.456438215349268e-01, -2.936352022789377e-01, -4.194315568160283e-01, -2.531001537711605e-02, -2.162069684064223e-01, -6.121004523687772e-02, -3.638746613296760e-02}
			{-4.259747876078345e-01, 7.764398518081887e-02, -3.453287238972850e-01, 1.968949645757865e-01, -5.475863400823124e-01, 5.418115760728263e-01, 2.306005523380639e-01, -8.893895611030987e-02}
			{3.167387523213461e-01, -4.716878016829690e-01, 5.922883737220823e-01, -8.930198888471876e-02, -2.588557507584718e-01, 4.925050974838280e-01, -3.042110007008098e-02, 8.895955698253456e-02}
alpha_moments_count = 41
alpha_index_basic_count = 25
alpha_index_basic = {{0, 0, 0, 0}, {0, 1, 0, 0}, {0, 0, 1, 0}, {0, 0, 0, 1}, {0, 2, 0, 0}, {0, 1, 1, 0}, {0, 1, 0, 1}, {0, 0, 2, 0}, {0, 0, 1, 1}, {0, 0, 0, 2}, {0, 3, 0, 0}, {0, 2, 1, 0}, {0, 2, 0, 1}, {0, 1, 2, 0}, {0, 1, 1, 1}, {0, 1, 0, 2}, {0, 0, 3, 0}, {0, 0, 2, 1}, {0, 0, 1, 2}, {0, 0, 0, 3}, {1, 0, 0, 0}, {1, 1, 0, 0}, {1, 0, 1, 0}, {1, 0, 0, 1}, {2, 0, 0, 0}}
alpha_index_times_count = 42
alpha_index_times = {{0, 0, 1, 25}, {1, 1, 1, 26}, {2, 2, 1, 26}, {3, 3, 1, 26}, {1, 4, 1, 27}, {2, 5, 1, 27}, {3, 6, 1, 27}, {1, 5, 1, 28}, {2, 7, 1, 28}, {3, 8, 1, 28}, {1, 6, 1, 29}, {2, 8, 1, 29}, {3, 9, 1, 29}, {4, 4, 1, 30}, {5, 5, 2, 30}, {6, 6, 2, 30}, {7, 7, 1, 30}, {8, 8, 2, 30}, {9, 9, 1, 30}, {10, 10, 1, 31}, {11, 11, 3, 31}, {12, 12, 3, 31}, {13, 13, 3, 31}, {14, 14, 6, 31}, {15, 15, 3, 31}, {16, 16, 1, 31}, {17, 17, 3, 31}, {18, 18, 3, 31}, {19, 19, 1, 31}, {0, 20, 1, 32}, {1, 21, 1, 33}, {2, 22, 1, 33}, {3, 23, 1, 33}, {0, 25, 1, 34}, {0, 26, 1, 35}, {0, 30, 1, 36}, {1, 27, 1, 37}, {2, 28, 1, 37}, {3, 29, 1, 37}, {0, 32, 1, 38}, {0, 34, 1, 39}, {0, 35, 1, 40}}
alpha_scalar_moments = 16
alpha_moment_mapping = {0, 20, 24, 25, 26, 30, 31, 32, 33, 34, 35, 36, 37, 38, 39, 40}
species_coeffs = {-1.780908668429023e+00}
moment_coeffs = {1.379244505306196e+01, 8.464582866028953e-03, 3.141968884369252e-01, 3.794557582026003e+01, 8.963162125550175e+00, -6.370880775762947e+00, -3.761438379126684e+00, 1.172808038668887e+00, 3.875876043842930e-01, 3.849934584284579e+01, 1.497527804350668e+01, -6.095463553391202e+00, 3.199553185881717e+00, 1.496370133244927e+00, 1.200729678960346e+01, 1.292680358814288e+01}