MTP
version = 1.1.0
potential_name = MTP1m
scaling = 2.325680393613779e-01
species_count = 1
potential_tag = 
radial_basis_type = RBChebyshev
	min_dist = 2.000000000000000e+00
	max_dist = 5.000000000000000e+00
	radial_basis_size = 8
	radial_funcs_count = 3
	radial_coeffs
		0-0
			{-3.932990172822263e-01, -5.143015973019185e-01, -5.703009767057111e-01, -4.326584583085170e-01, -2.502468480047043e-01, -7.437403010735978e-02, -1.433120219737719e-02, 3.583154059946171e-03}
			{2.301967424231033e-01, 7.045830992583171e-01, -2.724123130042413e-01, -4.891106426657471e-01, -2.770395647927888e-01, -2.186441650080528e-01, -4.893923331064792e-02, -1.009117746471373e-01}
			{-6.373030540577252e-01, 4.267065527438252e-01, -2.763847259697330e-01, 5.364145061647658e-01, -1.987589496905261e-01, 8.460321527315039e-02, 1.876448068991498e-02, 2.494725052235698e-02}
alpha_moments_count = 41
alpha_index_basic_count = 25
alpha_index_basic = {{0, 0, 0, 0}, {0, 1, 0, 0}, {0, 0, 1, 0}, {0, 0, 0, 1}, {0, 2, 0, 0}, {0, 1, 1, 0}, {0, 1, 0, 1}, {0, 0, 2, 0}, {0, 0, 1, 1}, {0, 0, 0, 2}, {0, 3, 0, 0}, {0, 2, 1, 0}, {0, 2, 0, 1}, {0, 1, 2, 0}, {0, 1, 1, 1}, {0, 1, 0, 2}, {0, 0, 3, 0}, {0, 0, 2, 1}, {0, 0, 1, 2}, {0, 0, 0, 3}, {1, 0, 0, 0}, {1, 1, 0, 0}, {1, 0, 1, 0}, {1, 0, 0, 1}, {2, 0, 0, 0}}
alpha_index_times_count = 42
alpha_index_times = {{0, 0, 1, 25}, {1, 1, 1, 26}, {2, 2, 1, 26}, {3, 3, 1, 26}, {1, 4, 1, 27}, {2, 5, 1, 27}, {3, 6, 1, 27}, {1, 5, 1, 28}, {2, 7, 1, 28}, {3, 8, 1, 28}, {1, 6, 1, 29}, {2, 8, 1, 29}, {3, 9, 1, 29}, {4, 4, 1, 30}, {5, 5, 2, 30}, {6, 6, 2, 30}, {7, 7, 1, 30}, {8, 8, 2, 30}, {9, 9, 1, 30}, {10, 10, 1, 31}, {11, 11, 3, 31}, {12, 12, 3, 31}, {13, 13, 3, 31}, {14, 14, 6, 31}, {15, 15, 3, 31}, {16, 16, 1, 31}, {17, 17, 3, 31}, {18, 18, 3, 31}, {19, 19, 1, 31}, {0, 20, 1, 32}, {1, 21, 1, 33}, {2, 22, 1, 33}, {3, 23, 1, 33}, {0, 25, 1, 34}, {0, 26, 1, 35}, {0, 30, 1, 36}, {1, 27, 1, 37}, {2, 28, 1, 37}, {3, 29, 1, 37}, {0, 32, 1, 38}, {0, 34, 1, 39}, {0, 35, 1, 40}}
alpha_scalar_moments = 16
alpha_moment_mapping = {0, 20, 24, 25, 26, 30, 31, 32, 33, 34, 35, 36, 37, 38, 39, 40}
species_coeffs = {-7.759647050482096e+00}
moment_coeffs = {-5.278256297843242e+00, 9.189228864279743e-02, -1.750307801977383e-01, -2.516776812297489e+00, 8.099398547836964e+00, 1.740134176967425e+00, -8.734220318891595e-01, 1.733992079796244e-02, 5.221110137676351e-01, 9.888812733976872e-02, 1.074161101521890e+01, 4.102258200045996e-01, 4.237882108231811e+00, -2.652015169765936e-02, 1.592214714027599e-01, 4.401837751580326e+00}