MTP
version = 1.1.0
potential_name = MTP1m
scaling = 6.490547151887453e-02
species_count = 1
potential_tag = 
radial_basis_type = RBChebyshev
	min_dist = 2.000000000000000e+00
	max_dist = 5.000000000000000e+00
	radial_basis_size = 8
	radial_funcs_count = 3
	radial_coeffs
		0-0
			{-3.701149526963354e-01, -7.314410974563116e-01, -3.383157487044612e-01, -4.076669947756864e-01, -6.074168209339106e-02, -1.979461427642694e-01, -5.932146800316000e-02, -3.110713015948941e-02}
			{6.756106976309859e-01, 8.262685122788587e-03, -8.451446516923662e-02, -3.122660395523404e-01, 2.734338247749671e-01, -5.377079828237762e-01, -2.419990281860005e-01, 1.279440394631098e-01}
			{-2.857726742938847e-01, 4.962868932862973e-01, -7.329450853544732e-01, 1.170847018972155e-01, 7.474316192918169e-02, -3.204327860697427e-01, 7.595574468438472e-02, -8.416047778721314e-02}
alpha_moments_count = 41
alpha_index_basic_count = 25
alpha_index_basic = {{0, 0, 0, 0}, {0, 1, 0, 0}, {0, 0, 1, 0}, {0, 0, 0, 1}, {0, 2, 0, 0}, {0, 1, 1, 0}, {0, 1, 0, 1}, {0, 0, 2, 0}, {0, 0, 1, 1}, {0, 0, 0, 2}, {0, 3, 0, 0}, {0, 2, 1, 0}, {0, 2, 0, 1}, {0, 1, 2, 0}, {0, 1, 1, 1}, {0, 1, 0, 2}, {0, 0, 3, 0}, {0, 0, 2, 1}, {0, 0, 1, 2}, {0, 0, 0, 3}, {1, 0, 0, 0}, {1, 1, 0, 0}, {1, 0, 1, 0}, {1, 0, 0, 1}, {2, 0, 0, 0}}
alpha_index_times_count = 42
alpha_index_times = {{0, 0, 1, 25}, {1, 1, 1, 26}, {2, 2, 1, 26}, {3, 3, 1, 26}, {1, 4, 1, 27}, {2, 5, 1, 27}, {3, 6, 1, 27}, {1, 5, 1, 28}, {2, 7, 1, 28}, {3, 8, 1, 28}, {1, 6, 1, 29}, {2, 8, 1, 29}, {3, 9, 1, 29}, {4, 4, 1, 30}, {5, 5, 2, 30}, {6, 6, 2, 30}, {7, 7, 1, 30}, {8, 8, 2, 30}, {9, 9, 1, 30}, {10, 10, 1, 31}, {11, 11, 3, 31}, {12, 12, 3, 31}, {13, 13, 3, 31}, {14, 14, 6, 31}, {15, 15, 3, 31}, {16, 16, 1, 31}, {17, 17, 3, 31}, {18, 18, 3, 31}, {19, 19, 1, 31}, {0, 20, 1, 32}, {1, 21, 1, 33}, {2, 22, 1, 33}, {3, 23, 1, 33}, {0, 25, 1, 34}, {0, 26, 1, 35}, {0, 30, 1, 36}, {1, 27, 1, 37}, {2, 28, 1, 37}, {3, 29, 1, 37}, {0, 32, 1, 38}, {0, 34, 1, 39}, {0, 35, 1, 40}}
alpha_scalar_moments = 16
alpha_moment_mapping = {0, 20, 24, 25, 26, 30, 31, 32, 33, 34, 35, 36, 37, 38, 39, 40}
species_coeffs = {-1.580707512898885e+00}
moment_coeffs = {1.698456199903290e+01, -4.598308026303938e-02, -3.441461887712265e-01, 5.084053628387310e+01, 1.148012168703969e+01, -8.534868913712474e+00, -5.303249186759647e+00, -1.124786602284243e+00, -3.225502112273199e-01, 5.713366721321298e+01, 2.333250754328328e+01, -8.791816564380529e+00, 5.700700302467496e+00, -1.624944028039524e+00, 2.179035968018795e+01, 2.252963704443630e+01}