MTP
version = 1.1.0
potential_name = MTP1m
scaling = 3.104217913934540e-02
species_count = 1
potential_tag = 
radial_basis_type = RBChebyshev
	min_dist = 2.000000000000000e+00
	max_dist = 5.000000000000000e+00
	radial_basis_size = 8
	radial_funcs_count = 3
	radial_coeffs
		0-0
			{3.678345086222385e-01, -5.296343123141449e-01, 2.275604589854991e-01, 3.351391002713262e-01, -4.819794464168290e-01, -1.912069973855487e-01, 3.815042295738254e-01, 7.532270482136071e-02}
			{-1.806023357931182e-01, -4.342505692442022e-01, -5.595294915952368e-01, 1.151203869787734e-01, 5.062342314618908e-01, -2.771934440728230e-01, 3.267127902591832e-01, -1.123954327118502e-01}
			{6.247691846547185e-01, 3.289460106909797e-01, -6.537582530824854e-02, 1.503695743970760e-01, 4.012374900421025e-01, -5.990530860375710e-02, 1.312434442552423e-01, 5.410803717037788e-01}
alpha_moments_count = 41
alpha_index_basic_count = 25
alpha_index_basic = {{0, 0, 0, 0}, {0, 1, 0, 0}, {0, 0, 1, 0}, {0, 0, 0, 1}, {0, 2, 0, 0}, {0, 1, 1, 0}, {0, 1, 0, 1}, {0, 0, 2, 0}, {0, 0, 1, 1}, {0, 0, 0, 2}, {0, 3, 0, 0}, {0, 2, 1, 0}, {0, 2, 0, 1}, {0, 1, 2, 0}, {0, 1, 1, 1}, {0, 1, 0, 2}, {0, 0, 3, 0}, {0, 0, 2, 1}, {0, 0, 1, 2}, {0, 0, 0, 3}, {1, 0, 0, 0}, {1, 1, 0, 0}, {1, 0, 1, 0}, {1, 0, 0, 1}, {2, 0, 0, 0}}
alpha_index_times_count = 42
alpha_index_times = {{0, 0, 1, 25}, {1, 1, 1, 26}, {2, 2, 1, 26}, {3, 3, 1, 26}, {1, 4, 1, 27}, {2, 5, 1, 27}, {3, 6, 1, 27}, {1, 5, 1, 28}, {2, 7, 1, 28}, {3, 8, 1, 28}, {1, 6, 1, 29}, {2, 8, 1, 29}, {3, 9, 1, 29}, {4, 4, 1, 30}, {5, 5, 2, 30}, {6, 6, 2, 30}, {7, 7, 1, 30}, {8, 8, 2, 30}, {9, 9, 1, 30}, {10, 10, 1, 31}, {11, 11, 3, 31}, {12, 12, 3, 31}, {13, 13, 3, 31}, {14, 14, 6, 31}, {15, 15, 3, 31}, {16, 16, 1, 31}, {17, 17, 3, 31}, {18, 18, 3, 31}, {19, 19, 1, 31}, {0, 20, 1, 32}, {1, 21, 1, 33}, {2, 22, 1, 33}, {3, 23, 1, 33}, {0, 25, 1, 34}, {0, 26, 1, 35}, {0, 30, 1, 36}, {1, 27, 1, 37}, {2, 28, 1, 37}, {3, 29, 1, 37}, {0, 32, 1, 38}, {0, 34, 1, 39}, {0, 35, 1, 40}}
alpha_scalar_moments = 16
alpha_moment_mapping = {0, 20, 24, 25, 26, 30, 31, 32, 33, 34, 35, 36, 37, 38, 39, 40}
species_coeffs = {-2.581824608697727e+00}
moment_coeffs = {-6.062615106643581e+00, 2.230539219486328e+00, 1.411949382549094e-01, 4.095827927351233e+00, 2.703094186517739e+00, -4.546721689290286e+00, -3.429963980310809e+00, -5.088608557581132e+00, 9.594849148186813e-02, 7.648402202809272e+00, 3.812574734482904e+00, 3.388684297636922e+00, -1.614951076947400e+00, 4.498102352749956e+00, -7.159381954713798e+00, -5.049101009886962e+00}