MTP
version = 1.1.0
potential_name = MTP1m
scaling = 7.853562053783820e-02
species_count = 1
potential_tag = 
radial_basis_type = RBChebyshev
	min_dist = 2.000000000000000e+00
	max_dist = 5.000000000000000e+00
	radial_basis_size = 8
	radial_funcs_count = 3
	radial_coeffs
		0-0
			{-1.917136995695915e-01, -4.349077149746912e-01, 6.372826397838940e-01, 4.085304391439397e-01, 2.839699628263352e-01, 3.246849352693102e-01, 1.225377395681824e-01, 3.298164012296437e-04}
			{-7.461389357819556e-01, 3.586279475851885e-01, 1.172842159289393e-01, -4.048817094914229e-01, 3.128667961575092e-01, 9.284201834103190e-02, -1.260077796593872e-01, 1.208083767462063e-01}
			{-5.380420592622719e-01, -7.887514888774240e-02, -3.190306925669800e-01, 4.783056538858610e-01, -5.745778874672262e-01, 1.524419405646590e-01, -1.297189726427574e-01, 5.939078498294460e-02}
alpha_moments_count = 41
alpha_index_basic_count = 25
alpha_index_basic = {{0, 0, 0, 0}, {0, 1, 0, 0}, {0, 0, 1, 0}, {0, 0, 0, 1}, {0, 2, 0, 0}, {0, 1, 1, 0}, {0, 1, 0, 1}, {0, 0, 2, 0}, {0, 0, 1, 1}, {0, 0, 0, 2}, {0, 3, 0, 0}, {0, 2, 1, 0}, {0, 2, 0, 1}, {0, 1, 2, 0}, {0, 1, 1, 1}, {0, 1, 0, 2}, {0, 0, 3, 0}, {0, 0, 2, 1}, {0, 0, 1, 2}, {0, 0, 0, 3}, {1, 0, 0, 0}, {1, 1, 0, 0}, {1, 0, 1, 0}, {1, 0, 0, 1}, {2, 0, 0, 0}}
alpha_index_times_count = 42
alpha_index_times = {{0, 0, 1, 25}, {1, 1, 1, 26}, {2, 2, 1, 26}, {3, 3, 1, 26}, {1, 4, 1, 27}, {2, 5, 1, 27}, {3, 6, 1, 27}, {1, 5, 1, 28}, {2, 7, 1, 28}, {3, 8, 1, 28}, {1, 6, 1, 29}, {2, 8, 1, 29}, {3, 9, 1, 29}, {4, 4, 1, 30}, {5, 5, 2, 30}, {6, 6, 2, 30}, {7, 7, 1, 30}, {8, 8, 2, 30}, {9, 9, 1, 30}, {10, 10, 1, 31}, {11, 11, 3, 31}, {12, 12, 3, 31}, {13, 13, 3, 31}, {14, 14, 6, 31}, {15, 15, 3, 31}, {16, 16, 1, 31}, {17, 17, 3, 31}, {18, 18, 3, 31}, {19, 19, 1, 31}, {0, 20, 1, 32}, {1, 21, 1, 33}, {2, 22, 1, 33}, {3, 23, 1, 33}, {0, 25, 1, 34}, {0, 26, 1, 35}, {0, 30, 1, 36}, {1, 27, 1, 37}, {2, 28, 1, 37}, {3, 29, 1, 37}, {0, 32, 1, 38}, {0, 34, 1, 39}, {0, 35, 1, 40}}
alpha_scalar_moments = 16
alpha_moment_mapping = {0, 20, 24, 25, 26, 30, 31, 32, 33, 34, 35, 36, 37, 38, 39, 40}
species_coeffs = {-4.549857731540233e+00}
moment_coeffs = {1.081830309320848e-01, 1.714834609337217e-01, -2.309599926327852e-01, 6.277901882945965e-01, 7.185772598517939e-01, 4.341776785093763e-01, -1.354569079522823e+00, 6.962072317191230e-02, -2.989839571192091e-01, 4.901188316433868e-01, 2.396342607556542e+00, -7.282188954209048e-01, -3.469320254372886e-01, 5.843943830322108e-02, 2.418117744237581e-01, 4.550831901285473e+00}