MTP
version = 1.1.0
potential_name = MTP1m
scaling = 5.408789293239545e-02
species_count = 1
potential_tag = 
radial_basis_type = RBChebyshev
	min_dist = 2.000000000000000e+00
	max_dist = 5.000000000000000e+00
	radial_basis_size = 8
	radial_funcs_count = 3
	radial_coeffs
		0-0
			{2.267609864321084e-01, 8.101247392072238e-01, -3.804268920811614e-01, 2.250274321411201e-01, 2.543965205097321e-01, 6.250867194001652e-02, -1.647816520854402e-01, -3.372653470246440e-02}
			{5.285053122447854e-01, -2.983928371690286e-01, -3.260726174196643e-01, 1.251218109753451e-01, -3.596953651617560e-01, -3.605969664169773e-01, -4.778601699465959e-01, -1.479991875424782e-01}
			{5.184855085924591e-01, 1.760612590444383e-01, 6.346440696799535e-01, -1.632180279540296e-01, 2.538752391409435e-01, -4.359748567716165e-01, 1.019102518964393e-01, 7.648253125172996e-02}
alpha_moments_count = 41
alpha_index_basic_count = 25
alpha_index_basic = {{0, 0, 0, 0}, {0, 1, 0, 0}, {0, 0, 1, 0}, {0, 0, 0, 1}, {0, 2, 0, 0}, {0, 1, 1, 0}, {0, 1, 0, 1}, {0, 0, 2, 0}, {0, 0, 1, 1}, {0, 0, 0, 2}, {0, 3, 0, 0}, {0, 2, 1, 0}, {0, 2, 0, 1}, {0, 1, 2, 0}, {0, 1, 1, 1}, {0, 1, 0, 2}, {0, 0, 3, 0}, {0, 0, 2, 1}, {0, 0, 1, 2}, {0, 0, 0, 3}, {1, 0, 0, 0}, {1, 1, 0, 0}, {1, 0, 1, 0}, {1, 0, 0, 1}, {2, 0, 0, 0}}
alpha_index_times_count = 42
alpha_index_times = {{0, 0, 1, 25}, {1, 1, 1, 26}, {2, 2, 1, 26}, {3, 3, 1, 26}, {1, 4, 1, 27}, {2, 5, 1, 27}, {3, 6, 1, 27}, {1, 5, 1, 28}, {2, 7, 1, 28}, {3, 8, 1, 28}, {1, 6, 1, 29}, {2, 8, 1, 29}, {3, 9, 1, 29}, {4, 4, 1, 30}, {5, 5, 2, 30}, {6, 6, 2, 30}, {7, 7, 1, 30}, {8, 8, 2, 30}, {9, 9, 1, 30}, {10, 10, 1, 31}, {11, 11, 3, 31}, {12, 12, 3, 31}, {13, 13, 3, 31}, {14, 14, 6, 31}, {15, 15, 3, 31}, {16, 16, 1, 31}, {17, 17, 3, 31}, {18, 18, 3, 31}, {19, 19, 1, 31}, {0, 20, 1, 32}, {1, 21, 1, 33}, {2, 22, 1, 33}, {3, 23, 1, 33}, {0, 25, 1, 34}, {0, 26, 1, 35}, {0, 30, 1, 36}, {1, 27, 1, 37}, {2, 28, 1, 37}, {3, 29, 1, 37}, {0, 32, 1, 38}, {0, 34, 1, 39}, {0, 35, 1, 40}}
alpha_scalar_moments = 16
alpha_moment_mapping = {0, 20, 24, 25, 26, 30, 31, 32, 33, 34, 35, 36, 37, 38, 39, 40}
species_coeffs = {-4.199731604582947e+00}
moment_coeffs = {1.468200741759539e+00, -4.727673038358319e-01, 5.224472419186910e-01, -2.411695581026276e-01, 9.238219218593446e-01, 8.328074669649103e-01, -1.595036060856528e+00, -3.126633583625611e-01, 6.577661406095457e-01, -3.171978866249314e+00, -7.596290950980351e-01, 8.477666134278317e-01, 1.999034568633330e-02, 7.916503297657557e-01, 5.953525602216753e+00, -1.045402055999821e+00}