MTP
version = 1.1.0
potential_name = MTP1m
scaling = 8.567522240491439e-02
species_count = 1
potential_tag = 
radial_basis_type = RBChebyshev
	min_dist = 2.000000000000000e+00
	max_dist = 5.000000000000000e+00
	radial_basis_size = 8
	radial_funcs_count = 3
	radial_coeffs
		0-0
			{-6.644830680556365e-01, 5.427377673741735e-01, -3.516615754264387e-01, -1.765814957474999e-01, 2.152748399207195e-01, 3.576463359199725e-02, -2.224059464587698e-01, -1.093814807092799e-01}
			{-3.459764728447045e-01, -6.244447029425020e-02, 3.560368154669376e-01, -7.185951178660469e-02, -7.601192171841841e-01, 2.953188842191891e-01, -2.405946801237012e-01, -1.469513400842983e-01}
			{2.150055917922204e-01, 6.486020474078485e-01, 3.442019076180543e-01, 4.056787410927266e-01, -9.431368766225769e-02, -2.559374718482060e-01, 1.365053309386773e-01, -3.962385872965353e-01}
alpha_moments_count = 41
alpha_index_basic_count = 25
alpha_index_basic = {{0, 0, 0, 0}, {0, 1, 0, 0}, {0, 0, 1, 0}, {0, 0, 0, 1}, {0, 2, 0, 0}, {0, 1, 1, 0}, {0, 1, 0, 1}, {0, 0, 2, 0}, {0, 0, 1, 1}, {0, 0, 0, 2}, {0, 3, 0, 0}, {0, 2, 1, 0}, {0, 2, 0, 1}, {0, 1, 2, 0}, {0, 1, 1, 1}, {0, 1, 0, 2}, {0, 0, 3, 0}, {0, 0, 2, 1}, {0, 0, 1, 2}, {0, 0, 0, 3}, {1, 0, 0, 0}, {1, 1, 0, 0}, {1, 0, 1, 0}, {1, 0, 0, 1}, {2, 0, 0, 0}}
alpha_index_times_count = 42
alpha_index_times = {{0, 0, 1, 25}, {1, 1, 1, 26}, {2, 2, 1, 26}, {3, 3, 1, 26}, {1, 4, 1, 27}, {2, 5, 1, 27}, {3, 6, 1, 27}, {1, 5, 1, 28}, {2, 7, 1, 28}, {3, 8, 1, 28}, {1, 6, 1, 29}, {2, 8, 1, 29}, {3, 9, 1, 29}, {4, 4, 1, 30}, {5, 5, 2, 30}, {6, 6, 2, 30}, {7, 7, 1, 30}, {8, 8, 2, 30}, {9, 9, 1, 30}, {10, 10, 1, 31}, {11, 11, 3, 31}, {12, 12, 3, 31}, {13, 13, 3, 31}, {14, 14, 6, 31}, {15, 15, 3, 31}, {16, 16, 1, 31}, {17, 17, 3, 31}, {18, 18, 3, 31}, {19, 19, 1, 31}, {0, 20, 1, 32}, {1, 21, 1, 33}, {2, 22, 1, 33}, {3, 23, 1, 33}, {0, 25, 1, 34}, {0, 26, 1, 35}, {0, 30, 1, 36}, {1, 27, 1, 37}, {2, 28, 1, 37}, {3, 29, 1, 37}, {0, 32, 1, 38}, {0, 34, 1, 39}, {0, 35, 1, 40}}
alpha_scalar_moments = 16
alpha_moment_mapping = {0, 20, 24, 25, 26, 30, 31, 32, 33, 34, 35, 36, 37, 38, 39, 40}
species_coeffs = {-6.774849293889294e+00}
moment_coeffs = {-1.106577539059999e+00, 1.470393246431874e+00, -4.347975567920570e-03, 6.153984238592475e-01, -6.758285033152028e+01, 5.400878902307901e-01, -2.571563906535952e-01, 1.292647795718245e+00, 1.131370548171207e-01, 5.340823687321987e-01, -4.617159427698257e+01, 5.509822407811691e-02, 7.557226892327441e-01, 2.393643088646457e-01, 8.140155536355641e-02, -7.834041932377374e+00}