MTP
version = 1.1.0
potential_name = MTP1m
scaling = 2.869245863504774e-02
species_count = 1
potential_tag = 
radial_basis_type = RBChebyshev
	min_dist = 2.000000000000000e+00
	max_dist = 5.000000000000000e+00
	radial_basis_size = 8
	radial_funcs_count = 3
	radial_coeffs
		0-0
			{8.414816715263303e-02, -7.409962154626553e-01, 6.522414261433860e-01, -6.423138561496737e-02, 2.413969052860302e-02, 5.011670894519349e-02, 3.282656400785954e-03, -1.058015120493962e-01}
			{2.563190508955858e-02, 1.589270214253686e-02, -9.556133389522860e-02, -8.142293380271917e-01, -2.203157117182576e-01, -2.098367161308106e-02, -4.586153906483060e-01, -2.601569514279179e-01}
			{-2.251644851201510e-01, 5.325465212063580e-01, 6.461477444932614e-01, 1.599008974404860e-01, -4.138216437527711e-01, 1.183029007265835e-01, -1.815004082060600e-01, -6.658546791940446e-02}
alpha_moments_count = 41
alpha_index_basic_count = 25
alpha_index_basic = {{0, 0, 0, 0}, {0, 1, 0, 0}, {0, 0, 1, 0}, {0, 0, 0, 1}, {0, 2, 0, 0}, {0, 1, 1, 0}, {0, 1, 0, 1}, {0, 0, 2, 0}, {0, 0, 1, 1}, {0, 0, 0, 2}, {0, 3, 0, 0}, {0, 2, 1, 0}, {0, 2, 0, 1}, {0, 1, 2, 0}, {0, 1, 1, 1}, {0, 1, 0, 2}, {0, 0, 3, 0}, {0, 0, 2, 1}, {0, 0, 1, 2}, {0, 0, 0, 3}, {1, 0, 0, 0}, {1, 1, 0, 0}, {1, 0, 1, 0}, {1, 0, 0, 1}, {2, 0, 0, 0}}
alpha_index_times_count = 42
alpha_index_times = {{0, 0, 1, 25}, {1, 1, 1, 26}, {2, 2, 1, 26}, {3, 3, 1, 26}, {1, 4, 1, 27}, {2, 5, 1, 27}, {3, 6, 1, 27}, {1, 5, 1, 28}, {2, 7, 1, 28}, {3, 8, 1, 28}, {1, 6, 1, 29}, {2, 8, 1, 29}, {3, 9, 1, 29}, {4, 4, 1, 30}, {5, 5, 2, 30}, {6, 6, 2, 30}, {7, 7, 1, 30}, {8, 8, 2, 30}, {9, 9, 1, 30}, {10, 10, 1, 31}, {11, 11, 3, 31}, {12, 12, 3, 31}, {13, 13, 3, 31}, {14, 14, 6, 31}, {15, 15, 3, 31}, {16, 16, 1, 31}, {17, 17, 3, 31}, {18, 18, 3, 31}, {19, 19, 1, 31}, {0, 20, 1, 32}, {1, 21, 1, 33}, {2, 22, 1, 33}, {3, 23, 1, 33}, {0, 25, 1, 34}, {0, 26, 1, 35}, {0, 30, 1, 36}, {1, 27, 1, 37}, {2, 28, 1, 37}, {3, 29, 1, 37}, {0, 32, 1, 38}, {0, 34, 1, 39}, {0, 35, 1, 40}}
alpha_scalar_moments = 16
alpha_moment_mapping = {0, 20, 24, 25, 26, 30, 31, 32, 33, 34, 35, 36, 37, 38, 39, 40}
species_coeffs = {-5.205522828512604e+00}
moment_coeffs = {-1.188546726600942e+00, -1.023331163713544e-01, -9.704840470502007e-01, 3.866877552488123e-01, -2.271660369641798e+00, 4.451054900382809e+00, -2.460245306857901e+00, -6.311996689461299e-01, 3.070772464487015e+00, 4.115240788072361e-01, -1.867951138784790e+00, -2.352579405918727e+00, 4.730658308131667e+00, 2.602615783847140e+00, -1.441188938567398e+00, 6.525009249682735e+00}