MTP
version = 1.1.0
potential_name = MTP1m
scaling = 4.097567646393594e-02
species_count = 1
potential_tag = 
radial_basis_type = RBChebyshev
	min_dist = 2.000000000000000e+00
	max_dist = 5.000000000000000e+00
	radial_basis_size = 8
	radial_funcs_count = 3
	radial_coeffs
		0-0
			{3.655830059656081e-01, -6.179519640284293e-01, 4.712568664774986e-01, 6.535309085835979e-02, -5.058620100596567e-01, -1.439874398437866e-02, 2.528925917389522e-02, -3.724420406099010e-02}
			{1.809522231524721e-01, 5.637129452357303e-01, 4.382318214067312e-01, 6.415692365730844e-01, -6.051673663524160e-02, 1.836384753223620e-04, -1.206769721563307e-01, -1.661341390398628e-01}
			{-2.455729360999948e-01, -2.409104641811156e-01, 3.322914144196829e-01, 1.410033328693731e-02, 4.789377973570795e-01, -6.169154887743281e-01, 8.649535661654704e-02, -3.919082753199892e-01}
alpha_moments_count = 41
alpha_index_basic_count = 25
alpha_index_basic = {{0, 0, 0, 0}, {0, 1, 0, 0}, {0, 0, 1, 0}, {0, 0, 0, 1}, {0, 2, 0, 0}, {0, 1, 1, 0}, {0, 1, 0, 1}, {0, 0, 2, 0}, {0, 0, 1, 1}, {0, 0, 0, 2}, {0, 3, 0, 0}, {0, 2, 1, 0}, {0, 2, 0, 1}, {0, 1, 2, 0}, {0, 1, 1, 1}, {0, 1, 0, 2}, {0, 0, 3, 0}, {0, 0, 2, 1}, {0, 0, 1, 2}, {0, 0, 0, 3}, {1, 0, 0, 0}, {1, 1, 0, 0}, {1, 0, 1, 0}, {1, 0, 0, 1}, {2, 0, 0, 0}}
alpha_index_times_count = 42
alpha_index_times = {{0, 0, 1, 25}, {1, 1, 1, 26}, {2, 2, 1, 26}, {3, 3, 1, 26}, {1, 4, 1, 27}, {2, 5, 1, 27}, {3, 6, 1, 27}, {1, 5, 1, 28}, {2, 7, 1, 28}, {3, 8, 1, 28}, {1, 6, 1, 29}, {2, 8, 1, 29}, {3, 9, 1, 29}, {4, 4, 1, 30}, {5, 5, 2, 30}, {6, 6, 2, 30}, {7, 7, 1, 30}, {8, 8, 2, 30}, {9, 9, 1, 30}, {10, 10, 1, 31}, {11, 11, 3, 31}, {12, 12, 3, 31}, {13, 13, 3, 31}, {14, 14, 6, 31}, {15, 15, 3, 31}, {16, 16, 1, 31}, {17, 17, 3, 31}, {18, 18, 3, 31}, {19, 19, 1, 31}, {0, 20, 1, 32}, {1, 21, 1, 33}, {2, 22, 1, 33}, {3, 23, 1, 33}, {0, 25, 1, 34}, {0, 26, 1, 35}, {0, 30, 1, 36}, {1, 27, 1, 37}, {2, 28, 1, 37}, {3, 29, 1, 37}, {0, 32, 1, 38}, {0, 34, 1, 39}, {0, 35, 1, 40}}
alpha_scalar_moments = 16
alpha_moment_mapping = {0, 20, 24, 25, 26, 30, 31, 32, 33, 34, 35, 36, 37, 38, 39, 40}
species_coeffs = {-4.413543157550206e+00}
moment_coeffs = {2.760557159653605e+00, -1.193549488312025e+00, 7.800053213290571e-02, -6.105015099828659e+00, -2.930437261014048e+00, 7.985023308803492e-02, -8.428692180587700e-01, 1.534547477501256e+00, 1.758093412021977e+00, 3.808464268112381e+00, 4.334521666303128e+00, 3.908243113904861e-01, 2.268661122724391e-01, -7.705717563527821e-01, -8.128524859326449e-01, -1.639326609889252e+00}