MTP
version = 1.1.0
potential_name = MTP1m
scaling = 1.200000000000000e+00
species_count = 1
potential_tag = 
radial_basis_type = RBChebyshev
	min_dist = 2.000000000000000e+00
	max_dist = 5.000000000000000e+00
	radial_basis_size = 8
	radial_funcs_count = 3
	radial_coeffs
		0-0
			{3.632412875694507e-01, -4.705653259506831e-01, -5.690965464028209e-01, -1.933608837606145e-02, -2.376406120072767e-01, 1.669649183633486e-01, -4.375120452886444e-01, -2.158984542894752e-01}
			{3.788368782898544e-01, 4.411791278520976e-01, 4.783078347008610e-01, 1.696356216457414e-01, -3.697842853898395e-01, 2.884239115493082e-01, -3.885663252787864e-01, -1.826921112488451e-01}
			{2.799992362667326e-01, 4.329484104736898e-01, -4.716279556761827e-01, 3.573130185424593e-01, 2.809268203290798e-01, 3.896565430372336e-01, 3.876722708205232e-01, -5.485152220364593e-02}
alpha_moments_count = 41
alpha_index_basic_count = 25
alpha_index_basic = {{0, 0, 0, 0}, {0, 1, 0, 0}, {0, 0, 1, 0}, {0, 0, 0, 1}, {0, 2, 0, 0}, {0, 1, 1, 0}, {0, 1, 0, 1}, {0, 0, 2, 0}, {0, 0, 1, 1}, {0, 0, 0, 2}, {0, 3, 0, 0}, {0, 2, 1, 0}, {0, 2, 0, 1}, {0, 1, 2, 0}, {0, 1, 1, 1}, {0, 1, 0, 2}, {0, 0, 3, 0}, {0, 0, 2, 1}, {0, 0, 1, 2}, {0, 0, 0, 3}, {1, 0, 0, 0}, {1, 1, 0, 0}, {1, 0, 1, 0}, {1, 0, 0, 1}, {2, 0, 0, 0}}
alpha_index_times_count = 42
alpha_index_times = {{0, 0, 1, 25}, {1, 1, 1, 26}, {2, 2, 1, 26}, {3, 3, 1, 26}, {1, 4, 1, 27}, {2, 5, 1, 27}, {3, 6, 1, 27}, {1, 5, 1, 28}, {2, 7, 1, 28}, {3, 8, 1, 28}, {1, 6, 1, 29}, {2, 8, 1, 29}, {3, 9, 1, 29}, {4, 4, 1, 30}, {5, 5, 2, 30}, {6, 6, 2, 30}, {7, 7, 1, 30}, {8, 8, 2, 30}, {9, 9, 1, 30}, {10, 10, 1, 31}, {11, 11, 3, 31}, {12, 12, 3, 31}, {13, 13, 3, 31}, {14, 14, 6, 31}, {15, 15, 3, 31}, {16, 16, 1, 31}, {17, 17, 3, 31}, {18, 18, 3, 31}, {19, 19, 1, 31}, {0, 20, 1, 32}, {1, 21, 1, 33}, {2, 22, 1, 33}, {3, 23, 1, 33}, {0, 25, 1, 34}, {0, 26, 1, 35}, {0, 30, 1, 36}, {1, 27, 1, 37}, {2, 28, 1, 37}, {3, 29, 1, 37}, {0, 32, 1, 38}, {0, 34, 1, 39}, {0, 35, 1, 40}}
alpha_scalar_moments = 16
alpha_moment_mapping = {0, 20, 24, 25, 26, 30, 31, 32, 33, 34, 35, 36, 37, 38, 39, 40}
species_coeffs = {-6.256001131893598e-01}
moment_coeffs = {-1.259300434543335e-02, 2.921789039878419e-02, -9.464193074427182e-03, -1.654090214770591e-04, -4.551125389407211e-05, -5.380641348192837e-04, -2.858448849267512e-05, 7.222997831941366e-04, -5.244333269726289e-05, 1.862624656541597e-07, -1.463172164734120e-03, 9.995558721570360e-07, -4.877240549113730e-04, 1.508447140683442e-05, 1.319581195646726e-07, -4.704051416899285e-02}