MTP
version = 1.1.0
potential_name = MTP1m
scaling = 2.558248432975158e-01
species_count = 1
potential_tag = 
radial_basis_type = RBChebyshev
	min_dist = 2.000000000000000e+00
	max_dist = 5.000000000000000e+00
	radial_basis_size = 8
	radial_funcs_count = 3
	radial_coeffs
		0-0
			{-2.645184798406999e-01, -4.250442925678087e-01, -8.937747503776208e-02, -1.137008196094009e-01, 3.484898656199646e-01, -6.434705817137450e-01, -2.869716333937286e-01, -3.325640067878816e-01}
			{1.571753715000642e-02, 1.313597605422529e-01, -5.972136795441225e-01, 5.667578336231971e-01, 1.546643433543577e-03, 9.591806180940957e-02, -5.392859270214752e-01, 6.772719363545752e-02}
			{4.046430271945539e-01, 3.258618089343027e-01, 9.475462737220787e-02, 1.642591467559725e-01, 8.003162598583510e-01, 3.606384562783704e-02, 1.453977898470247e-01, -1.765541290140734e-01}
alpha_moments_count = 41
alpha_index_basic_count = 25
alpha_index_basic = {{0, 0, 0, 0}, {0, 1, 0, 0}, {0, 0, 1, 0}, {0, 0, 0, 1}, {0, 2, 0, 0}, {0, 1, 1, 0}, {0, 1, 0, 1}, {0, 0, 2, 0}, {0, 0, 1, 1}, {0, 0, 0, 2}, {0, 3, 0, 0}, {0, 2, 1, 0}, {0, 2, 0, 1}, {0, 1, 2, 0}, {0, 1, 1, 1}, {0, 1, 0, 2}, {0, 0, 3, 0}, {0, 0, 2, 1}, {0, 0, 1, 2}, {0, 0, 0, 3}, {1, 0, 0, 0}, {1, 1, 0, 0}, {1, 0, 1, 0}, {1, 0, 0, 1}, {2, 0, 0, 0}}
alpha_index_times_count = 42
alpha_index_times = {{0, 0, 1, 25}, {1, 1, 1, 26}, {2, 2, 1, 26}, {3, 3, 1, 26}, {1, 4, 1, 27}, {2, 5, 1, 27}, {3, 6, 1, 27}, {1, 5, 1, 28}, {2, 7, 1, 28}, {3, 8, 1, 28}, {1, 6, 1, 29}, {2, 8, 1, 29}, {3, 9, 1, 29}, {4, 4, 1, 30}, {5, 5, 2, 30}, {6, 6, 2, 30}, {7, 7, 1, 30}, {8, 8, 2, 30}, {9, 9, 1, 30}, {10, 10, 1, 31}, {11, 11, 3, 31}, {12, 12, 3, 31}, {13, 13, 3, 31}, {14, 14, 6, 31}, {15, 15, 3, 31}, {16, 16, 1, 31}, {17, 17, 3, 31}, {18, 18, 3, 31}, {19, 19, 1, 31}, {0, 20, 1, 32}, {1, 21, 1, 33}, {2, 22, 1, 33}, {3, 23, 1, 33}, {0, 25, 1, 34}, {0, 26, 1, 35}, {0, 30, 1, 36}, {1, 27, 1, 37}, {2, 28, 1, 37}, {3, 29, 1, 37}, {0, 32, 1, 38}, {0, 34, 1, 39}, {0, 35, 1, 40}}
alpha_scalar_moments = 16
alpha_moment_mapping = {0, 20, 24, 25, 26, 30, 31, 32, 33, 34, 35, 36, 37, 38, 39, 40}
species_coeffs = {-2.436373120308960e+00}
moment_coeffs = {3.956702601088949e+00, 7.393204373134074e-02, -2.995635948386878e-01, 8.524374541799800e+00, -2.636300373771573e-01, -2.501165125517790e-01, 3.491770776507378e-02, -6.132928316151953e-01, 1.397772813160037e-01, 4.058483348221520e+00, 7.120879312344860e-01, -2.991487364056780e-01, -2.331035201592081e-01, -1.059063676712075e+00, 1.155234379619351e+00, 9.536498244396239e-01}