MTP
version = 1.1.0
potential_name = MTP1m
scaling = 2.325680393613780e-01
species_count = 1
potential_tag = 
radial_basis_type = RBChebyshev
	min_dist = 2.000000000000000e+00
	max_dist = 5.000000000000000e+00
	radial_basis_size = 8
	radial_funcs_count = 3
	radial_coeffs
		0-0
			{1.839084703039186e-01, 8.337347578952656e-01, -1.506251350641411e-01, 4.414501502603998e-01, -1.216679603052727e-01, 1.866873605853659e-01, -9.664883637637706e-03, 6.123061004816548e-02}
			{-5.585267197332299e-01, 8.084583123906461e-02, -5.203599894718735e-01, 4.943585821177155e-02, 5.554241224411597e-01, 5.230210517198219e-02, 3.041356822008577e-01, -6.755332865422548e-02}
			{-3.932563966479697e-01, 9.957094395046717e-02, -3.416545713870255e-01, -4.385447750223824e-02, -5.410885051521340e-01, -5.132429493059716e-01, -3.069010186151240e-01, -2.576832179684151e-01}
alpha_moments_count = 41
alpha_index_basic_count = 25
alpha_index_basic = {{0, 0, 0, 0}, {0, 1, 0, 0}, {0, 0, 1, 0}, {0, 0, 0, 1}, {0, 2, 0, 0}, {0, 1, 1, 0}, {0, 1, 0, 1}, {0, 0, 2, 0}, {0, 0, 1, 1}, {0, 0, 0, 2}, {0, 3, 0, 0}, {0, 2, 1, 0}, {0, 2, 0, 1}, {0, 1, 2, 0}, {0, 1, 1, 1}, {0, 1, 0, 2}, {0, 0, 3, 0}, {0, 0, 2, 1}, {0, 0, 1, 2}, {0, 0, 0, 3}, {1, 0, 0, 0}, {1, 1, 0, 0}, {1, 0, 1, 0}, {1, 0, 0, 1}, {2, 0, 0, 0}}
alpha_index_times_count = 42
alpha_index_times = {{0, 0, 1, 25}, {1, 1, 1, 26}, {2, 2, 1, 26}, {3, 3, 1, 26}, {1, 4, 1, 27}, {2, 5, 1, 27}, {3, 6, 1, 27}, {1, 5, 1, 28}, {2, 7, 1, 28}, {3, 8, 1, 28}, {1, 6, 1, 29}, {2, 8, 1, 29}, {3, 9, 1, 29}, {4, 4, 1, 30}, {5, 5, 2, 30}, {6, 6, 2, 30}, {7, 7, 1, 30}, {8, 8, 2, 30}, {9, 9, 1, 30}, {10, 10, 1, 31}, {11, 11, 3, 31}, {12, 12, 3, 31}, {13, 13, 3, 31}, {14, 14, 6, 31}, {15, 15, 3, 31}, {16, 16, 1, 31}, {17, 17, 3, 31}, {18, 18, 3, 31}, {19, 19, 1, 31}, {0, 20, 1, 32}, {1, 21, 1, 33}, {2, 22, 1, 33}, {3, 23, 1, 33}, {0, 25, 1, 34}, {0, 26, 1, 35}, {0, 30, 1, 36}, {1, 27, 1, 37}, {2, 28, 1, 37}, {3, 29, 1, 37}, {0, 32, 1, 38}, {0, 34, 1, 39}, {0, 35, 1, 40}}
alpha_scalar_moments = 16
alpha_moment_mapping = {0, 20, 24, 25, 26, 30, 31, 32, 33, 34, 35, 36, 37, 38, 39, 40}
species_coeffs = {-1.216395744320367e+01}
moment_coeffs = {5.824844219828925e+00, -2.369026298670637e+00, -2.272485148960428e-02, 7.448134322182051e-01, 2.886423511247887e+01, -5.319219834588497e+00, -1.042197004427984e+00, 1.363568588435771e+00, -3.751422072495637e-02, -5.733584573621442e-01, -1.674190473535526e+01, 1.616305503931307e+00, 1.309743389551376e-01, -2.020227924970888e-01, 1.295141828744530e-02, 2.466819633580589e+00}