MTP
version = 1.1.0
potential_name = MTP1m
scaling = 1.233723202630767e-01
species_count = 1
potential_tag = 
radial_basis_type = RBChebyshev
	min_dist = 2.000000000000000e+00
	max_dist = 5.000000000000000e+00
	radial_basis_size = 8
	radial_funcs_count = 3
	radial_coeffs
		0-0
			{1.448234792589700e-01, 7.139657280709113e-01, 6.643279744945230e-02, -1.737855524247193e-01, -5.147360405574415e-01, -3.658675398884219e-01, -1.500117721514579e-01, -1.155360697366690e-01}
			{4.371513525369904e-02, -3.377992782626125e-02, -7.805120203202430e-01, 4.048389212537452e-02, 2.414910165358307e-01, -5.605200382584821e-01, 8.709478446414995e-02, -7.761325532498463e-02}
			{-6.159498379793028e-01, 4.866621572528171e-01, -9.668772931734404e-02, 2.204815651767627e-01, 2.311659955119738e-01, 2.643399545786971e-01, 2.653376005336608e-01, -3.634387597426775e-01}
alpha_moments_count = 41
alpha_index_basic_count = 25
alpha_index_basic = {{0, 0, 0, 0}, {0, 1, 0, 0}, {0, 0, 1, 0}, {0, 0, 0, 1}, {0, 2, 0, 0}, {0, 1, 1, 0}, {0, 1, 0, 1}, {0, 0, 2, 0}, {0, 0, 1, 1}, {0, 0, 0, 2}, {0, 3, 0, 0}, {0, 2, 1, 0}, {0, 2, 0, 1}, {0, 1, 2, 0}, {0, 1, 1, 1}, {0, 1, 0, 2}, {0, 0, 3, 0}, {0, 0, 2, 1}, {0, 0, 1, 2}, {0, 0, 0, 3}, {1, 0, 0, 0}, {1, 1, 0, 0}, {1, 0, 1, 0}, {1, 0, 0, 1}, {2, 0, 0, 0}}
alpha_index_times_count = 42
alpha_index_times = {{0, 0, 1, 25}, {1, 1, 1, 26}, {2, 2, 1, 26}, {3, 3, 1, 26}, {1, 4, 1, 27}, {2, 5, 1, 27}, {3, 6, 1, 27}, {1, 5, 1, 28}, {2, 7, 1, 28}, {3, 8, 1, 28}, {1, 6, 1, 29}, {2, 8, 1, 29}, {3, 9, 1, 29}, {4, 4, 1, 30}, {5, 5, 2, 30}, {6, 6, 2, 30}, {7, 7, 1, 30}, {8, 8, 2, 30}, {9, 9, 1, 30}, {10, 10, 1, 31}, {11, 11, 3, 31}, {12, 12, 3, 31}, {13, 13, 3, 31}, {14, 14, 6, 31}, {15, 15, 3, 31}, {16, 16, 1, 31}, {17, 17, 3, 31}, {18, 18, 3, 31}, {19, 19, 1, 31}, {0, 20, 1, 32}, {1, 21, 1, 33}, {2, 22, 1, 33}, {3, 23, 1, 33}, {0, 25, 1, 34}, {0, 26, 1, 35}, {0, 30, 1, 36}, {1, 27, 1, 37}, {2, 28, 1, 37}, {3, 29, 1, 37}, {0, 32, 1, 38}, {0, 34, 1, 39}, {0, 35, 1, 40}}
alpha_scalar_moments = 16
alpha_moment_mapping = {0, 20, 24, 25, 26, 30, 31, 32, 33, 34, 35, 36, 37, 38, 39, 40}
species_coeffs = {-2.359890144246631e+00}
moment_coeffs = {3.703280162162089e+00, -2.242259755054924e-01, -6.340554592039080e-02, 4.512436221798994e+00, -1.995649869823480e+00, 2.276945813558060e+00, -9.820030460984072e-02, -4.171658007614889e-01, 1.040831047033194e-01, 2.030914484909313e+00, -7.687746224012530e+00, 4.273845857220427e+00, 1.593001217739134e+00, -3.496744899689853e-01, 1.397152950401799e+00, -6.120264596479513e+00}