MTP
version = 1.1.0
potential_name = MTP1m
scaling = 1.646720536905862e-02
species_count = 1
potential_tag = 
radial_basis_type = RBChebyshev
	min_dist = 2.000000000000000e+00
	max_dist = 5.000000000000000e+00
	radial_basis_size = 8
	radial_funcs_count = 3
	radial_coeffs
		0-0
			{4.808054932199385e-01, 7.722236664056685e-01, -2.565725128241819e-01, -1.308112798143002e-02, 2.914963158096404e-01, -9.405928760143228e-02, 6.854016210795458e-02, -8.933705921883507e-02}
			{1.855802183380345e-01, -1.861995439664834e-02, 2.737498588270849e-01, -2.813704841020738e-01, 3.754319279866652e-01, 3.932512247651945e-01, -4.654594640496089e-01, 5.466779431472709e-01}
			{2.885020566209350e-01, -1.943974252869539e-01, 1.156727278129363e-02, -3.015636494868818e-01, 9.648212545988149e-03, 3.590202982821449e-01, 7.979513116517022e-01, 1.489523706600386e-01}
alpha_moments_count = 41
alpha_index_basic_count = 25
alpha_index_basic = {{0, 0, 0, 0}, {0, 1, 0, 0}, {0, 0, 1, 0}, {0, 0, 0, 1}, {0, 2, 0, 0}, {0, 1, 1, 0}, {0, 1, 0, 1}, {0, 0, 2, 0}, {0, 0, 1, 1}, {0, 0, 0, 2}, {0, 3, 0, 0}, {0, 2, 1, 0}, {0, 2, 0, 1}, {0, 1, 2, 0}, {0, 1, 1, 1}, {0, 1, 0, 2}, {0, 0, 3, 0}, {0, 0, 2, 1}, {0, 0, 1, 2}, {0, 0, 0, 3}, {1, 0, 0, 0}, {1, 1, 0, 0}, {1, 0, 1, 0}, {1, 0, 0, 1}, {2, 0, 0, 0}}
alpha_index_times_count = 42
alpha_index_times = {{0, 0, 1, 25}, {1, 1, 1, 26}, {2, 2, 1, 26}, {3, 3, 1, 26}, {1, 4, 1, 27}, {2, 5, 1, 27}, {3, 6, 1, 27}, {1, 5, 1, 28}, {2, 7, 1, 28}, {3, 8, 1, 28}, {1, 6, 1, 29}, {2, 8, 1, 29}, {3, 9, 1, 29}, {4, 4, 1, 30}, {5, 5, 2, 30}, {6, 6, 2, 30}, {7, 7, 1, 30}, {8, 8, 2, 30}, {9, 9, 1, 30}, {10, 10, 1, 31}, {11, 11, 3, 31}, {12, 12, 3, 31}, {13, 13, 3, 31}, {14, 14, 6, 31}, {15, 15, 3, 31}, {16, 16, 1, 31}, {17, 17, 3, 31}, {18, 18, 3, 31}, {19, 19, 1, 31}, {0, 20, 1, 32}, {1, 21, 1, 33}, {2, 22, 1, 33}, {3, 23, 1, 33}, {0, 25, 1, 34}, {0, 26, 1, 35}, {0, 30, 1, 36}, {1, 27, 1, 37}, {2, 28, 1, 37}, {3, 29, 1, 37}, {0, 32, 1, 38}, {0, 34, 1, 39}, {0, 35, 1, 40}}
alpha_scalar_moments = 16
alpha_moment_mapping = {0, 20, 24, 25, 26, 30, 31, 32, 33, 34, 35, 36, 37, 38, 39, 40}
species_coeffs = {-3.776847022449373e+00}
moment_coeffs = {9.185457705825131e+00, -2.165033152234371e-01, -1.851457415724500e-01, -4.031758602998831e+01, -7.212870604039805e-01, 1.969019314528979e-01, 1.356593627481434e+00, 2.385629272078353e+00, -5.919585844566195e-01, 6.583880881094284e+01, 3.788222278101777e+00, -3.354867608244412e+00, -3.902457972842113e+01, -3.884820620299450e+00, -4.144597556157871e+01, 1.125310408043957e+01}