MTP
version = 1.1.0
potential_name = MTP1m
scaling = 2.155706884676764e-02
species_count = 1
potential_tag = 
radial_basis_type = RBChebyshev
	min_dist = 2.000000000000000e+00
	max_dist = 5.000000000000000e+00
	radial_basis_size = 8
	radial_funcs_count = 3
	radial_coeffs
		0-0
			{6.053655952527530e-01, 7.968868212892241e-02, 4.399510565919519e-01, 5.859672944898293e-01, 2.238420291662389e-01, -6.899522313176165e-02, -1.672133534971668e-01, -8.626532555262863e-02}
			{1.774382260501766e-01, -6.425699150171896e-01, 2.900527174854669e-01, -3.999421391122788e-01, 2.202868152382134e-01, -2.402987520440067e-01, -1.318008650758514e-01, 4.334674689709876e-01}
			{-8.188245439667077e-02, 3.641919652063133e-01, -3.522363667327997e-01, 2.460493209982547e-01, 2.134960335420357e-01, -2.662695441819066e-01, -1.678178358920867e-01, 7.289759230508162e-01}
alpha_moments_count = 41
alpha_index_basic_count = 25
alpha_index_basic = {{0, 0, 0, 0}, {0, 1, 0, 0}, {0, 0, 1, 0}, {0, 0, 0, 1}, {0, 2, 0, 0}, {0, 1, 1, 0}, {0, 1, 0, 1}, {0, 0, 2, 0}, {0, 0, 1, 1}, {0, 0, 0, 2}, {0, 3, 0, 0}, {0, 2, 1, 0}, {0, 2, 0, 1}, {0, 1, 2, 0}, {0, 1, 1, 1}, {0, 1, 0, 2}, {0, 0, 3, 0}, {0, 0, 2, 1}, {0, 0, 1, 2}, {0, 0, 0, 3}, {1, 0, 0, 0}, {1, 1, 0, 0}, {1, 0, 1, 0}, {1, 0, 0, 1}, {2, 0, 0, 0}}
alpha_index_times_count = 42
alpha_index_times = {{0, 0, 1, 25}, {1, 1, 1, 26}, {2, 2, 1, 26}, {3, 3, 1, 26}, {1, 4, 1, 27}, {2, 5, 1, 27}, {3, 6, 1, 27}, {1, 5, 1, 28}, {2, 7, 1, 28}, {3, 8, 1, 28}, {1, 6, 1, 29}, {2, 8, 1, 29}, {3, 9, 1, 29}, {4, 4, 1, 30}, {5, 5, 2, 30}, {6, 6, 2, 30}, {7, 7, 1, 30}, {8, 8, 2, 30}, {9, 9, 1, 30}, {10, 10, 1, 31}, {11, 11, 3, 31}, {12, 12, 3, 31}, {13, 13, 3, 31}, {14, 14, 6, 31}, {15, 15, 3, 31}, {16, 16, 1, 31}, {17, 17, 3, 31}, {18, 18, 3, 31}, {19, 19, 1, 31}, {0, 20, 1, 32}, {1, 21, 1, 33}, {2, 22, 1, 33}, {3, 23, 1, 33}, {0, 25, 1, 34}, {0, 26, 1, 35}, {0, 30, 1, 36}, {1, 27, 1, 37}, {2, 28, 1, 37}, {3, 29, 1, 37}, {0, 32, 1, 38}, {0, 34, 1, 39}, {0, 35, 1, 40}}
alpha_scalar_moments = 16
alpha_moment_mapping = {0, 20, 24, 25, 26, 30, 31, 32, 33, 34, 35, 36, 37, 38, 39, 40}
species_coeffs = {-4.213439220057347e+00}
moment_coeffs = {-2.364377678885904e+00, -2.579908161667656e+00, -9.534472422397308e-01, 1.172343465163198e+01, 3.709795868123001e-01, 5.324594481858724e+00, -6.159872867598317e+00, 9.759415933638540e+00, 1.097232952103599e+00, -1.514535983850824e+01, 1.030041355424478e+01, -2.080110818391871e+00, -5.455204233713403e+00, -5.614340990180440e+00, 5.620332832114813e+00, 3.133177276056957e+00}