MTP
version = 1.1.0
potential_name = MTP1m
scaling = 2.608405330458885e-02
species_count = 1
potential_tag = 
radial_basis_type = RBChebyshev
	min_dist = 2.000000000000000e+00
	max_dist = 5.000000000000000e+00
	radial_basis_size = 8
	radial_funcs_count = 3
	radial_coeffs
		0-0
			{-5.161473758136175e-01, -4.172903696996017e-01, 1.676966761060045e-01, 1.374592139074694e-01, 6.642922502821790e-01, 2.050352505596387e-01, 1.434111531423499e-01, 9.248251580158916e-02}
			{-4.621687327163582e-01, 4.104019825890071e-01, -5.171321462795617e-02, 3.186468328049669e-01, -2.808407325489702e-01, 4.340681084980857e-01, 2.446926021267794e-01, -4.319711846330167e-01}
			{-2.776017754226665e-01, 3.460272026005167e-01, -6.525697886387386e-01, 2.625264019874977e-01, 2.064038794331642e-01, -3.953968251629528e-01, -7.883509504884230e-02, 3.213701989182765e-01}
alpha_moments_count = 41
alpha_index_basic_count = 25
alpha_index_basic = {{0, 0, 0, 0}, {0, 1, 0, 0}, {0, 0, 1, 0}, {0, 0, 0, 1}, {0, 2, 0, 0}, {0, 1, 1, 0}, {0, 1, 0, 1}, {0, 0, 2, 0}, {0, 0, 1, 1}, {0, 0, 0, 2}, {0, 3, 0, 0}, {0, 2, 1, 0}, {0, 2, 0, 1}, {0, 1, 2, 0}, {0, 1, 1, 1}, {0, 1, 0, 2}, {0, 0, 3, 0}, {0, 0, 2, 1}, {0, 0, 1, 2}, {0, 0, 0, 3}, {1, 0, 0, 0}, {1, 1, 0, 0}, {1, 0, 1, 0}, {1, 0, 0, 1}, {2, 0, 0, 0}}
alpha_index_times_count = 42
alpha_index_times = {{0, 0, 1, 25}, {1, 1, 1, 26}, {2, 2, 1, 26}, {3, 3, 1, 26}, {1, 4, 1, 27}, {2, 5, 1, 27}, {3, 6, 1, 27}, {1, 5, 1, 28}, {2, 7, 1, 28}, {3, 8, 1, 28}, {1, 6, 1, 29}, {2, 8, 1, 29}, {3, 9, 1, 29}, {4, 4, 1, 30}, {5, 5, 2, 30}, {6, 6, 2, 30}, {7, 7, 1, 30}, {8, 8, 2, 30}, {9, 9, 1, 30}, {10, 10, 1, 31}, {11, 11, 3, 31}, {12, 12, 3, 31}, {13, 13, 3, 31}, {14, 14, 6, 31}, {15, 15, 3, 31}, {16, 16, 1, 31}, {17, 17, 3, 31}, {18, 18, 3, 31}, {19, 19, 1, 31}, {0, 20, 1, 32}, {1, 21, 1, 33}, {2, 22, 1, 33}, {3, 23, 1, 33}, {0, 25, 1, 34}, {0, 26, 1, 35}, {0, 30, 1, 36}, {1, 27, 1, 37}, {2, 28, 1, 37}, {3, 29, 1, 37}, {0, 32, 1, 38}, {0, 34, 1, 39}, {0, 35, 1, 40}}
alpha_scalar_moments = 16
alpha_moment_mapping = {0, 20, 24, 25, 26, 30, 31, 32, 33, 34, 35, 36, 37, 38, 39, 40}
species_coeffs = {-5.758300249894509e+00}
moment_coeffs = {-1.802588750986026e+00, -2.325982987623081e+00, -8.594677942519944e-01, 1.208595116821555e+01, 1.679184487834461e+01, -8.928787533682691e+00, -2.864762763977544e+00, -3.143783355969681e+00, 4.849875155897263e-01, 1.777978484629688e+01, 3.388077978745689e+01, -9.202964420103832e+00, 3.345646184629301e+00, -1.434741561210643e+00, 5.877010805295501e+00, 2.186754392286485e+01}