MTP
version = 1.1.0
potential_name = MTP1m
scaling = 5.949668222563499e-02
species_count = 1
potential_tag = 
radial_basis_type = RBChebyshev
	min_dist = 2.000000000000000e+00
	max_dist = 5.000000000000000e+00
	radial_basis_size = 8
	radial_funcs_count = 3
	radial_coeffs
		0-0
			{-7.314661086388257e-01, 2.944892368276595e-01, -5.382093623064667e-01, 1.492847121348178e-02, -2.256190678160742e-01, 1.737263765241143e-01, 3.043256413667167e-02, 7.956308789888694e-02}
			{3.430124722974022e-01, 6.609956028274738e-01, -5.187929247707778e-02, 4.980093066433661e-01, -4.437472385511694e-02, 2.990475841934436e-02, -3.805076561727091e-01, 2.169632192341695e-01}
			{1.083694787569851e-01, -1.575812541171046e-01, -8.067551810680051e-02, -5.336032681679771e-01, -2.998252568634849e-02, 3.397579205791936e-01, -5.403097103409022e-01, 5.137258384313304e-01}
alpha_moments_count = 41
alpha_index_basic_count = 25
alpha_index_basic = {{0, 0, 0, 0}, {0, 1, 0, 0}, {0, 0, 1, 0}, {0, 0, 0, 1}, {0, 2, 0, 0}, {0, 1, 1, 0}, {0, 1, 0, 1}, {0, 0, 2, 0}, {0, 0, 1, 1}, {0, 0, 0, 2}, {0, 3, 0, 0}, {0, 2, 1, 0}, {0, 2, 0, 1}, {0, 1, 2, 0}, {0, 1, 1, 1}, {0, 1, 0, 2}, {0, 0, 3, 0}, {0, 0, 2, 1}, {0, 0, 1, 2}, {0, 0, 0, 3}, {1, 0, 0, 0}, {1, 1, 0, 0}, {1, 0, 1, 0}, {1, 0, 0, 1}, {2, 0, 0, 0}}
alpha_index_times_count = 42
alpha_index_times = {{0, 0, 1, 25}, {1, 1, 1, 26}, {2, 2, 1, 26}, {3, 3, 1, 26}, {1, 4, 1, 27}, {2, 5, 1, 27}, {3, 6, 1, 27}, {1, 5, 1, 28}, {2, 7, 1, 28}, {3, 8, 1, 28}, {1, 6, 1, 29}, {2, 8, 1, 29}, {3, 9, 1, 29}, {4, 4, 1, 30}, {5, 5, 2, 30}, {6, 6, 2, 30}, {7, 7, 1, 30}, {8, 8, 2, 30}, {9, 9, 1, 30}, {10, 10, 1, 31}, {11, 11, 3, 31}, {12, 12, 3, 31}, {13, 13, 3, 31}, {14, 14, 6, 31}, {15, 15, 3, 31}, {16, 16, 1, 31}, {17, 17, 3, 31}, {18, 18, 3, 31}, {19, 19, 1, 31}, {0, 20, 1, 32}, {1, 21, 1, 33}, {2, 22, 1, 33}, {3, 23, 1, 33}, {0, 25, 1, 34}, {0, 26, 1, 35}, {0, 30, 1, 36}, {1, 27, 1, 37}, {2, 28, 1, 37}, {3, 29, 1, 37}, {0, 32, 1, 38}, {0, 34, 1, 39}, {0, 35, 1, 40}}
alpha_scalar_moments = 16
alpha_moment_mapping = {0, 20, 24, 25, 26, 30, 31, 32, 33, 34, 35, 36, 37, 38, 39, 40}
species_coeffs = {2.039882178268012e+01}
moment_coeffs = {5.376131123573715e+01, -1.962378808299281e+00, 2.248243626682763e-01, 4.530146430325270e+01, 3.091671704469078e+01, -3.597459140997850e-01, -8.344309884725143e-01, -1.722307182100304e+00, -3.135171082967159e-01, 1.677299810799830e+01, 3.124782279476421e+01, -7.364581720299077e-01, 6.326781699445060e-01, -4.557657520467990e-01, 2.243793444695072e+00, 8.455579746905761e+00}