MTP
version = 1.1.0
potential_name = MTP1m
scaling = 3.443095036205729e-02
species_count = 1
potential_tag = 
radial_basis_type = RBChebyshev
	min_dist = 2.000000000000000e+00
	max_dist = 5.000000000000000e+00
	radial_basis_size = 8
	radial_funcs_count = 3
	radial_coeffs
		0-0
			{-6.752673588034512e-01, -6.266954654868712e-01, -1.438536849632844e-01, -2.239133030137684e-03, 1.358100513501547e-01, 3.017402165151532e-01, 6.503797542084025e-02, 1.297937745863705e-01}
			{2.182267537171266e-01, -2.682333335967595e-01, 5.382884137851900e-01, 9.428739011315547e-02, -3.996863086074907e-01, 5.398781327216879e-01, -2.137718455765985e-01, -2.913202501017810e-01}
			{2.532333643682846e-01, -4.895976555102022e-01, 4.747259908032842e-01, -2.467706100612991e-01, 2.014396082952301e-01, -4.596723896075675e-01, -1.018128803755879e-01, 3.842707555713897e-01}
alpha_moments_count = 41
alpha_index_basic_count = 25
alpha_index_basic = {{0, 0, 0, 0}, {0, 1, 0, 0}, {0, 0, 1, 0}, {0, 0, 0, 1}, {0, 2, 0, 0}, {0, 1, 1, 0}, {0, 1, 0, 1}, {0, 0, 2, 0}, {0, 0, 1, 1}, {0, 0, 0, 2}, {0, 3, 0, 0}, {0, 2, 1, 0}, {0, 2, 0, 1}, {0, 1, 2, 0}, {0, 1, 1, 1}, {0, 1, 0, 2}, {0, 0, 3, 0}, {0, 0, 2, 1}, {0, 0, 1, 2}, {0, 0, 0, 3}, {1, 0, 0, 0}, {1, 1, 0, 0}, {1, 0, 1, 0}, {1, 0, 0, 1}, {2, 0, 0, 0}}
alpha_index_times_count = 42
alpha_index_times = {{0, 0, 1, 25}, {1, 1, 1, 26}, {2, 2, 1, 26}, {3, 3, 1, 26}, {1, 4, 1, 27}, {2, 5, 1, 27}, {3, 6, 1, 27}, {1, 5, 1, 28}, {2, 7, 1, 28}, {3, 8, 1, 28}, {1, 6, 1, 29}, {2, 8, 1, 29}, {3, 9, 1, 29}, {4, 4, 1, 30}, {5, 5, 2, 30}, {6, 6, 2, 30}, {7, 7, 1, 30}, {8, 8, 2, 30}, {9, 9, 1, 30}, {10, 10, 1, 31}, {11, 11, 3, 31}, {12, 12, 3, 31}, {13, 13, 3, 31}, {14, 14, 6, 31}, {15, 15, 3, 31}, {16, 16, 1, 31}, {17, 17, 3, 31}, {18, 18, 3, 31}, {19, 19, 1, 31}, {0, 20, 1, 32}, {1, 21, 1, 33}, {2, 22, 1, 33}, {3, 23, 1, 33}, {0, 25, 1, 34}, {0, 26, 1, 35}, {0, 30, 1, 36}, {1, 27, 1, 37}, {2, 28, 1, 37}, {3, 29, 1, 37}, {0, 32, 1, 38}, {0, 34, 1, 39}, {0, 35, 1, 40}}
alpha_scalar_moments = 16
alpha_moment_mapping = {0, 20, 24, 25, 26, 30, 31, 32, 33, 34, 35, 36, 37, 38, 39, 40}
species_coeffs = {-3.131650905675803e+01}
moment_coeffs = {-1.241680767235952e+02, 5.218279424504588e+00, 3.817142338568810e-01, -1.859539946373967e+02, -1.805243012303588e+02, -3.463148873949230e+01, -4.899843107541830e+00, 8.523781899518962e+00, -7.166850158798121e-03, -1.233612206855584e+02, -3.338061011735927e+02, -3.531077312386331e+01, -2.232178904223580e+01, 3.714661860154254e+00, -3.392603078318168e+01, -1.575222185017165e+02}