MTP
version = 1.1.0
potential_name = MTP1m
scaling = 4.958056852136248e-02
species_count = 1
potential_tag = 
radial_basis_type = RBChebyshev
	min_dist = 2.000000000000000e+00
	max_dist = 5.000000000000000e+00
	radial_basis_size = 8
	radial_funcs_count = 3
	radial_coeffs
		0-0
			{-1.931528172877237e-01, -7.923518914485811e-01, 1.163944194824388e-01, -4.969753687985256e-01, 2.373582432409998e-01, 2.848237567129057e-02, 1.302464493851613e-01, -1.496567662390435e-02}
			{-1.262632417758275e-01, 3.750199535201487e-01, -1.071050479412487e-03, -1.952071537114204e-01, 6.941481171683043e-01, -4.774006763991955e-01, 2.151930691723706e-01, 2.219224549571874e-01}
			{5.678641468137444e-01, -1.417679978581639e-01, 4.611529984705527e-01, -7.880533937332608e-02, -1.514454501493754e-01, -5.455873029476968e-01, -3.250804343926548e-01, 1.108208324325956e-01}
alpha_moments_count = 41
alpha_index_basic_count = 25
alpha_index_basic = {{0, 0, 0, 0}, {0, 1, 0, 0}, {0, 0, 1, 0}, {0, 0, 0, 1}, {0, 2, 0, 0}, {0, 1, 1, 0}, {0, 1, 0, 1}, {0, 0, 2, 0}, {0, 0, 1, 1}, {0, 0, 0, 2}, {0, 3, 0, 0}, {0, 2, 1, 0}, {0, 2, 0, 1}, {0, 1, 2, 0}, {0, 1, 1, 1}, {0, 1, 0, 2}, {0, 0, 3, 0}, {0, 0, 2, 1}, {0, 0, 1, 2}, {0, 0, 0, 3}, {1, 0, 0, 0}, {1, 1, 0, 0}, {1, 0, 1, 0}, {1, 0, 0, 1}, {2, 0, 0, 0}}
alpha_index_times_count = 42
alpha_index_times = {{0, 0, 1, 25}, {1, 1, 1, 26}, {2, 2, 1, 26}, {3, 3, 1, 26}, {1, 4, 1, 27}, {2, 5, 1, 27}, {3, 6, 1, 27}, {1, 5, 1, 28}, {2, 7, 1, 28}, {3, 8, 1, 28}, {1, 6, 1, 29}, {2, 8, 1, 29}, {3, 9, 1, 29}, {4, 4, 1, 30}, {5, 5, 2, 30}, {6, 6, 2, 30}, {7, 7, 1, 30}, {8, 8, 2, 30}, {9, 9, 1, 30}, {10, 10, 1, 31}, {11, 11, 3, 31}, {12, 12, 3, 31}, {13, 13, 3, 31}, {14, 14, 6, 31}, {15, 15, 3, 31}, {16, 16, 1, 31}, {17, 17, 3, 31}, {18, 18, 3, 31}, {19, 19, 1, 31}, {0, 20, 1, 32}, {1, 21, 1, 33}, {2, 22, 1, 33}, {3, 23, 1, 33}, {0, 25, 1, 34}, {0, 26, 1, 35}, {0, 30, 1, 36}, {1, 27, 1, 37}, {2, 28, 1, 37}, {3, 29, 1, 37}, {0, 32, 1, 38}, {0, 34, 1, 39}, {0, 35, 1, 40}}
alpha_scalar_moments = 16
alpha_moment_mapping = {0, 20, 24, 25, 26, 30, 31, 32, 33, 34, 35, 36, 37, 38, 39, 40}
species_coeffs = {6.989831070248974e+01}
moment_coeffs = {2.948114970466464e+02, -1.239961828925791e+00, 3.906254259683274e-01, 4.290854672673420e+02, -6.007958078699305e+02, 3.478403064945360e+01, -2.136750570043370e+00, -1.950567470733527e+00, 8.599604244575428e-02, 2.823548549727755e+02, -1.219611947459440e+03, 3.041108014119447e+01, -5.246383161180962e+01, -8.687223071536277e-01, 7.255548171462888e+01, -6.331426825535679e+02}