MTP
version = 1.1.0
potential_name = MTP1m
scaling = 3.725061496721448e-02
species_count = 1
potential_tag = 
radial_basis_type = RBChebyshev
	min_dist = 2.000000000000000e+00
	max_dist = 5.000000000000000e+00
	radial_basis_size = 8
	radial_funcs_count = 3
	radial_coeffs
		0-0
			{8.450150438134512e-01, 9.579958781401400e-02, 1.236927448268433e-01, -1.078571718102308e-02, 3.798736126706478e-01, 3.057371887559071e-01, 1.482735241827507e-01, 3.989434697199127e-02}
			{-3.300861865999739e-01, -1.355885481854883e-01, 2.376603845697823e-01, 6.453158920137054e-01, 5.863222910613632e-01, 1.506697085360300e-01, 5.169488070163396e-02, -1.749178223652565e-01}
			{2.708322138604506e-01, -7.011446047471072e-01, 1.411253382398985e-01, 3.373991279405507e-01, -3.209367868272434e-01, -3.340450326062547e-02, -3.618083276654985e-01, 2.574297453596049e-01}
alpha_moments_count = 41
alpha_index_basic_count = 25
alpha_index_basic = {{0, 0, 0, 0}, {0, 1, 0, 0}, {0, 0, 1, 0}, {0, 0, 0, 1}, {0, 2, 0, 0}, {0, 1, 1, 0}, {0, 1, 0, 1}, {0, 0, 2, 0}, {0, 0, 1, 1}, {0, 0, 0, 2}, {0, 3, 0, 0}, {0, 2, 1, 0}, {0, 2, 0, 1}, {0, 1, 2, 0}, {0, 1, 1, 1}, {0, 1, 0, 2}, {0, 0, 3, 0}, {0, 0, 2, 1}, {0, 0, 1, 2}, {0, 0, 0, 3}, {1, 0, 0, 0}, {1, 1, 0, 0}, {1, 0, 1, 0}, {1, 0, 0, 1}, {2, 0, 0, 0}}
alpha_index_times_count = 42
alpha_index_times = {{0, 0, 1, 25}, {1, 1, 1, 26}, {2, 2, 1, 26}, {3, 3, 1, 26}, {1, 4, 1, 27}, {2, 5, 1, 27}, {3, 6, 1, 27}, {1, 5, 1, 28}, {2, 7, 1, 28}, {3, 8, 1, 28}, {1, 6, 1, 29}, {2, 8, 1, 29}, {3, 9, 1, 29}, {4, 4, 1, 30}, {5, 5, 2, 30}, {6, 6, 2, 30}, {7, 7, 1, 30}, {8, 8, 2, 30}, {9, 9, 1, 30}, {10, 10, 1, 31}, {11, 11, 3, 31}, {12, 12, 3, 31}, {13, 13, 3, 31}, {14, 14, 6, 31}, {15, 15, 3, 31}, {16, 16, 1, 31}, {17, 17, 3, 31}, {18, 18, 3, 31}, {19, 19, 1, 31}, {0, 20, 1, 32}, {1, 21, 1, 33}, {2, 22, 1, 33}, {3, 23, 1, 33}, {0, 25, 1, 34}, {0, 26, 1, 35}, {0, 30, 1, 36}, {1, 27, 1, 37}, {2, 28, 1, 37}, {3, 29, 1, 37}, {0, 32, 1, 38}, {0, 34, 1, 39}, {0, 35, 1, 40}}
alpha_scalar_moments = 16
alpha_moment_mapping = {0, 20, 24, 25, 26, 30, 31, 32, 33, 34, 35, 36, 37, 38, 39, 40}
species_coeffs = {3.958811602122113e+01}
moment_coeffs = {1.630397299343942e+01, 1.022011188053671e+03, 6.047547836791297e-01, -1.889115734750366e+01, -5.467006602899658e+02, -2.046227790396288e+02, -1.029802112101137e+01, -1.479895823918815e+03, -1.501582894906969e+01, -2.174225800538877e+01, 6.349636444393448e+02, 1.663600886561001e+02, -1.148728827337583e+02, 5.352833231800290e+02, 2.946703923565972e+00, -1.222367678908259e+02}