MTP
version = 1.1.0
potential_name = MTP1m
scaling = 3.130086396550662e-02
species_count = 1
potential_tag = 
radial_basis_type = RBChebyshev
	min_dist = 2.000000000000000e+00
	max_dist = 5.000000000000000e+00
	radial_basis_size = 8
	radial_funcs_count = 3
	radial_coeffs
		0-0
			{5.364871014485291e-01, 6.234026101378813e-01, 1.532572095143173e-01, 4.139363889056498e-01, 2.069019808655595e-01, 2.777599866449678e-01, 7.850007500612555e-02, 5.097417857303353e-02}
			{1.308488959475288e-01, 2.568032762391644e-01, -5.136736848167585e-01, -1.593382111011337e-01, -4.039279575091496e-02, -3.245372063978038e-01, -2.702671966639766e-01, 6.690896719232317e-01}
			{5.874045765275528e-01, -5.212920729888920e-01, 3.870221162287302e-01, -2.562621199788941e-01, 2.759608779794994e-01, -2.906528332793959e-02, -9.012149533334274e-02, 2.874594996445949e-01}
alpha_moments_count = 41
alpha_index_basic_count = 25
alpha_index_basic = {{0, 0, 0, 0}, {0, 1, 0, 0}, {0, 0, 1, 0}, {0, 0, 0, 1}, {0, 2, 0, 0}, {0, 1, 1, 0}, {0, 1, 0, 1}, {0, 0, 2, 0}, {0, 0, 1, 1}, {0, 0, 0, 2}, {0, 3, 0, 0}, {0, 2, 1, 0}, {0, 2, 0, 1}, {0, 1, 2, 0}, {0, 1, 1, 1}, {0, 1, 0, 2}, {0, 0, 3, 0}, {0, 0, 2, 1}, {0, 0, 1, 2}, {0, 0, 0, 3}, {1, 0, 0, 0}, {1, 1, 0, 0}, {1, 0, 1, 0}, {1, 0, 0, 1}, {2, 0, 0, 0}}
alpha_index_times_count = 42
alpha_index_times = {{0, 0, 1, 25}, {1, 1, 1, 26}, {2, 2, 1, 26}, {3, 3, 1, 26}, {1, 4, 1, 27}, {2, 5, 1, 27}, {3, 6, 1, 27}, {1, 5, 1, 28}, {2, 7, 1, 28}, {3, 8, 1, 28}, {1, 6, 1, 29}, {2, 8, 1, 29}, {3, 9, 1, 29}, {4, 4, 1, 30}, {5, 5, 2, 30}, {6, 6, 2, 30}, {7, 7, 1, 30}, {8, 8, 2, 30}, {9, 9, 1, 30}, {10, 10, 1, 31}, {11, 11, 3, 31}, {12, 12, 3, 31}, {13, 13, 3, 31}, {14, 14, 6, 31}, {15, 15, 3, 31}, {16, 16, 1, 31}, {17, 17, 3, 31}, {18, 18, 3, 31}, {19, 19, 1, 31}, {0, 20, 1, 32}, {1, 21, 1, 33}, {2, 22, 1, 33}, {3, 23, 1, 33}, {0, 25, 1, 34}, {0, 26, 1, 35}, {0, 30, 1, 36}, {1, 27, 1, 37}, {2, 28, 1, 37}, {3, 29, 1, 37}, {0, 32, 1, 38}, {0, 34, 1, 39}, {0, 35, 1, 40}}
alpha_scalar_moments = 16
alpha_moment_mapping = {0, 20, 24, 25, 26, 30, 31, 32, 33, 34, 35, 36, 37, 38, 39, 40}
species_coeffs = {8.429367658120438e+01}
moment_coeffs = {-2.680047658974609e+02, -2.107887147629014e+01, 1.260403356930183e+00, 1.922169759174645e+02, -2.808843919930538e+02, -1.831559604322273e+02, -1.331203549141329e+01, 5.416175719649740e+01, 6.519001338278092e-01, 1.597442925304650e+02, 8.055441177395714e+02, 2.498229050627174e+02, 1.375115354290901e+02, -3.559909421403981e+01, -2.010771179700350e+02, -5.912435137623493e+02}