MTP
version = 1.1.0
potential_name = MTP1m
scaling = 2.845533087773329e-02
species_count = 1
potential_tag = 
radial_basis_type = RBChebyshev
	min_dist = 2.000000000000000e+00
	max_dist = 5.000000000000000e+00
	radial_basis_size = 8
	radial_funcs_count = 3
	radial_coeffs
		0-0
			{6.499138828614212e-02, 4.449520467084163e-01, 6.750474797769712e-01, 2.732743435243828e-02, -2.627904452230163e-01, 2.417882993129541e-01, -4.621557109045352e-01, 1.579890028660438e-02}
			{-3.667117377104733e-01, -2.469086817775416e-01, 3.931253106045803e-02, 2.562594477667681e-01, 1.331585042675650e-01, 7.783053059127879e-01, 1.037853140449734e-01, -3.210646289112928e-01}
			{-1.279941605502076e-01, -3.420641531372692e-01, -1.658969223344271e-02, -1.244690036117726e-01, 4.338317226539744e-01, -2.084273525418383e-01, -7.434631460272326e-01, -2.577837932954626e-01}
alpha_moments_count = 41
alpha_index_basic_count = 25
alpha_index_basic = {{0, 0, 0, 0}, {0, 1, 0, 0}, {0, 0, 1, 0}, {0, 0, 0, 1}, {0, 2, 0, 0}, {0, 1, 1, 0}, {0, 1, 0, 1}, {0, 0, 2, 0}, {0, 0, 1, 1}, {0, 0, 0, 2}, {0, 3, 0, 0}, {0, 2, 1, 0}, {0, 2, 0, 1}, {0, 1, 2, 0}, {0, 1, 1, 1}, {0, 1, 0, 2}, {0, 0, 3, 0}, {0, 0, 2, 1}, {0, 0, 1, 2}, {0, 0, 0, 3}, {1, 0, 0, 0}, {1, 1, 0, 0}, {1, 0, 1, 0}, {1, 0, 0, 1}, {2, 0, 0, 0}}
alpha_index_times_count = 42
alpha_index_times = {{0, 0, 1, 25}, {1, 1, 1, 26}, {2, 2, 1, 26}, {3, 3, 1, 26}, {1, 4, 1, 27}, {2, 5, 1, 27}, {3, 6, 1, 27}, {1, 5, 1, 28}, {2, 7, 1, 28}, {3, 8, 1, 28}, {1, 6, 1, 29}, {2, 8, 1, 29}, {3, 9, 1, 29}, {4, 4, 1, 30}, {5, 5, 2, 30}, {6, 6, 2, 30}, {7, 7, 1, 30}, {8, 8, 2, 30}, {9, 9, 1, 30}, {10, 10, 1, 31}, {11, 11, 3, 31}, {12, 12, 3, 31}, {13, 13, 3, 31}, {14, 14, 6, 31}, {15, 15, 3, 31}, {16, 16, 1, 31}, {17, 17, 3, 31}, {18, 18, 3, 31}, {19, 19, 1, 31}, {0, 20, 1, 32}, {1, 21, 1, 33}, {2, 22, 1, 33}, {3, 23, 1, 33}, {0, 25, 1, 34}, {0, 26, 1, 35}, {0, 30, 1, 36}, {1, 27, 1, 37}, {2, 28, 1, 37}, {3, 29, 1, 37}, {0, 32, 1, 38}, {0, 34, 1, 39}, {0, 35, 1, 40}}
alpha_scalar_moments = 16
alpha_moment_mapping = {0, 20, 24, 25, 26, 30, 31, 32, 33, 34, 35, 36, 37, 38, 39, 40}
species_coeffs = {-4.012096436396816e+01}
moment_coeffs = {-1.256055363780872e+00, -1.292342846475153e+02, -4.421004149037110e-02, 8.601955092204525e+00, -1.164542404588073e+02, 8.335524412145489e+01, -1.602319166239427e+01, -1.489049216782545e+02, 3.011046587950328e-01, -3.150437687592413e+00, -2.764713981714550e+01, 5.509955608820401e+01, 7.545166710279689e+01, -4.288413811236943e+01, 4.552482032070418e-01, 3.964665596131690e+01}