MTP
version = 1.1.0
potential_name = MTP1m
scaling = 9.609046342863106e-03
species_count = 1
potential_tag = 
radial_basis_type = RBChebyshev
	min_dist = 2.000000000000000e+00
	max_dist = 5.000000000000000e+00
	radial_basis_size = 8
	radial_funcs_count = 3
	radial_coeffs
		0-0
			{6.687487365416812e-01, -8.694600356636481e-02, 3.424494841474292e-01, 4.959750412495842e-02, -1.787596728544048e-01, -5.518392368468982e-01, -2.541858539106687e-01, -1.561792084062422e-01}
			{-7.965066449942784e-02, -5.963881861194632e-01, 4.001140109684842e-01, -5.263214877083684e-01, 5.806025622608732e-02, 3.201686913644343e-01, -1.348374050693557e-01, -2.771484476164480e-01}
			{1.096064212945165e-01, -4.285326551973206e-01, -9.199102192072431e-02, -1.678388949826689e-01, 4.049084757736325e-01, -3.530002585300561e-01, 4.234061201266498e-01, 5.476140551713451e-01}
alpha_moments_count = 41
alpha_index_basic_count = 25
alpha_index_basic = {{0, 0, 0, 0}, {0, 1, 0, 0}, {0, 0, 1, 0}, {0, 0, 0, 1}, {0, 2, 0, 0}, {0, 1, 1, 0}, {0, 1, 0, 1}, {0, 0, 2, 0}, {0, 0, 1, 1}, {0, 0, 0, 2}, {0, 3, 0, 0}, {0, 2, 1, 0}, {0, 2, 0, 1}, {0, 1, 2, 0}, {0, 1, 1, 1}, {0, 1, 0, 2}, {0, 0, 3, 0}, {0, 0, 2, 1}, {0, 0, 1, 2}, {0, 0, 0, 3}, {1, 0, 0, 0}, {1, 1, 0, 0}, {1, 0, 1, 0}, {1, 0, 0, 1}, {2, 0, 0, 0}}
alpha_index_times_count = 42
alpha_index_times = {{0, 0, 1, 25}, {1, 1, 1, 26}, {2, 2, 1, 26}, {3, 3, 1, 26}, {1, 4, 1, 27}, {2, 5, 1, 27}, {3, 6, 1, 27}, {1, 5, 1, 28}, {2, 7, 1, 28}, {3, 8, 1, 28}, {1, 6, 1, 29}, {2, 8, 1, 29}, {3, 9, 1, 29}, {4, 4, 1, 30}, {5, 5, 2, 30}, {6, 6, 2, 30}, {7, 7, 1, 30}, {8, 8, 2, 30}, {9, 9, 1, 30}, {10, 10, 1, 31}, {11, 11, 3, 31}, {12, 12, 3, 31}, {13, 13, 3, 31}, {14, 14, 6, 31}, {15, 15, 3, 31}, {16, 16, 1, 31}, {17, 17, 3, 31}, {18, 18, 3, 31}, {19, 19, 1, 31}, {0, 20, 1, 32}, {1, 21, 1, 33}, {2, 22, 1, 33}, {3, 23, 1, 33}, {0, 25, 1, 34}, {0, 26, 1, 35}, {0, 30, 1, 36}, {1, 27, 1, 37}, {2, 28, 1, 37}, {3, 29, 1, 37}, {0, 32, 1, 38}, {0, 34, 1, 39}, {0, 35, 1, 40}}
alpha_scalar_moments = 16
alpha_moment_mapping = {0, 20, 24, 25, 26, 30, 31, 32, 33, 34, 35, 36, 37, 38, 39, 40}
species_coeffs = {-1.317463776422523e+01}
moment_coeffs = {1.143372180867925e+02, 1.874199442186195e+01, 2.790322012623886e+00, -3.741633020611738e+02, 3.617752680419746e+01, -1.792572780185968e+02, -2.914629180125949e+01, -6.617574616735389e+01, 1.621340794411443e+00, 5.296821073894110e+02, -1.037973635579617e+02, 4.871967932897193e+02, -1.236915855661591e+01, 7.838367340093262e+01, -3.846284052281225e+02, 1.991539872994207e+02}