MTP
version = 1.1.0
potential_name = MTP1m
scaling = 1.811392590596448e-02
species_count = 1
potential_tag = 
radial_basis_type = RBChebyshev
	min_dist = 2.000000000000000e+00
	max_dist = 5.000000000000000e+00
	radial_basis_size = 8
	radial_funcs_count = 3
	radial_coeffs
		0-0
			{-4.966619230622779e-01, -4.533992464360497e-01, 6.117927839520715e-01, 1.004967387478829e-01, -3.091380716399482e-01, 1.944742046474971e-01, -9.088637668797281e-02, -1.473741993651047e-01}
			{-7.029047611915993e-03, -1.859561788390664e-01, 2.999655419892462e-01, 6.761340975322401e-02, 4.932512769579728e-01, -7.864204930155010e-02, -6.038192381842306e-02, 7.859342344107749e-01}
			{-3.542410858565940e-01, 3.503215494029237e-02, -2.146790711587175e-02, -7.731761990597861e-01, 3.294108916150581e-01, 2.537045304310582e-01, 3.100133577257840e-01, -7.770385021748054e-02}
alpha_moments_count = 41
alpha_index_basic_count = 25
alpha_index_basic = {{0, 0, 0, 0}, {0, 1, 0, 0}, {0, 0, 1, 0}, {0, 0, 0, 1}, {0, 2, 0, 0}, {0, 1, 1, 0}, {0, 1, 0, 1}, {0, 0, 2, 0}, {0, 0, 1, 1}, {0, 0, 0, 2}, {0, 3, 0, 0}, {0, 2, 1, 0}, {0, 2, 0, 1}, {0, 1, 2, 0}, {0, 1, 1, 1}, {0, 1, 0, 2}, {0, 0, 3, 0}, {0, 0, 2, 1}, {0, 0, 1, 2}, {0, 0, 0, 3}, {1, 0, 0, 0}, {1, 1, 0, 0}, {1, 0, 1, 0}, {1, 0, 0, 1}, {2, 0, 0, 0}}
alpha_index_times_count = 42
alpha_index_times = {{0, 0, 1, 25}, {1, 1, 1, 26}, {2, 2, 1, 26}, {3, 3, 1, 26}, {1, 4, 1, 27}, {2, 5, 1, 27}, {3, 6, 1, 27}, {1, 5, 1, 28}, {2, 7, 1, 28}, {3, 8, 1, 28}, {1, 6, 1, 29}, {2, 8, 1, 29}, {3, 9, 1, 29}, {4, 4, 1, 30}, {5, 5, 2, 30}, {6, 6, 2, 30}, {7, 7, 1, 30}, {8, 8, 2, 30}, {9, 9, 1, 30}, {10, 10, 1, 31}, {11, 11, 3, 31}, {12, 12, 3, 31}, {13, 13, 3, 31}, {14, 14, 6, 31}, {15, 15, 3, 31}, {16, 16, 1, 31}, {17, 17, 3, 31}, {18, 18, 3, 31}, {19, 19, 1, 31}, {0, 20, 1, 32}, {1, 21, 1, 33}, {2, 22, 1, 33}, {3, 23, 1, 33}, {0, 25, 1, 34}, {0, 26, 1, 35}, {0, 30, 1, 36}, {1, 27, 1, 37}, {2, 28, 1, 37}, {3, 29, 1, 37}, {0, 32, 1, 38}, {0, 34, 1, 39}, {0, 35, 1, 40}}
alpha_scalar_moments = 16
alpha_moment_mapping = {0, 20, 24, 25, 26, 30, 31, 32, 33, 34, 35, 36, 37, 38, 39, 40}
species_coeffs = {-1.062142395385847e+01}
moment_coeffs = {-3.180271063258033e+01, -2.670824862773049e+00, -2.324486212644787e-01, -4.546101909848247e+01, 6.769340567908718e+00, -4.177968592388602e+00, 1.475181260125578e+00, -9.359972570874380e+00, -6.927244844456491e-02, -2.289830169773595e+01, 2.190992208384966e+01, -5.356329129307654e+00, 3.909416595237130e+00, -6.724368723528658e+00, -3.011289788938885e+00, 1.609036829175751e+01}