MTP
version = 1.1.0
potential_name = MTP1m
scaling = 2.391038219587312e-02
species_count = 1
potential_tag = 
radial_basis_type = RBChebyshev
	min_dist = 2.000000000000000e+00
	max_dist = 5.000000000000000e+00
	radial_basis_size = 8
	radial_funcs_count = 3
	radial_coeffs
		0-0
			{4.759560976464664e-02, 4.894341554849577e-01, -3.351661256979696e-01, 6.511909492679965e-01, -3.920153338443444e-01, -1.065031478759702e-01, -2.371291546577106e-01, 2.353087092846827e-02}
			{7.378436849124206e-01, -5.084692829608305e-01, -7.944384838488590e-03, 9.894450460971296e-02, -2.951141818090206e-01, 1.711040576584914e-01, -1.888004676201462e-01, 1.875578856023976e-01}
			{9.845712865287763e-02, -8.533734850726288e-02, 5.470876437569500e-01, 1.546886210270003e-01, 5.203148866535207e-02, -7.228220939076669e-01, -2.886893628344664e-01, -2.264280615843526e-01}
alpha_moments_count = 41
alpha_index_basic_count = 25
alpha_index_basic = {{0, 0, 0, 0}, {0, 1, 0, 0}, {0, 0, 1, 0}, {0, 0, 0, 1}, {0, 2, 0, 0}, {0, 1, 1, 0}, {0, 1, 0, 1}, {0, 0, 2, 0}, {0, 0, 1, 1}, {0, 0, 0, 2}, {0, 3, 0, 0}, {0, 2, 1, 0}, {0, 2, 0, 1}, {0, 1, 2, 0}, {0, 1, 1, 1}, {0, 1, 0, 2}, {0, 0, 3, 0}, {0, 0, 2, 1}, {0, 0, 1, 2}, {0, 0, 0, 3}, {1, 0, 0, 0}, {1, 1, 0, 0}, {1, 0, 1, 0}, {1, 0, 0, 1}, {2, 0, 0, 0}}
alpha_index_times_count = 42
alpha_index_times = {{0, 0, 1, 25}, {1, 1, 1, 26}, {2, 2, 1, 26}, {3, 3, 1, 26}, {1, 4, 1, 27}, {2, 5, 1, 27}, {3, 6, 1, 27}, {1, 5, 1, 28}, {2, 7, 1, 28}, {3, 8, 1, 28}, {1, 6, 1, 29}, {2, 8, 1, 29}, {3, 9, 1, 29}, {4, 4, 1, 30}, {5, 5, 2, 30}, {6, 6, 2, 30}, {7, 7, 1, 30}, {8, 8, 2, 30}, {9, 9, 1, 30}, {10, 10, 1, 31}, {11, 11, 3, 31}, {12, 12, 3, 31}, {13, 13, 3, 31}, {14, 14, 6, 31}, {15, 15, 3, 31}, {16, 16, 1, 31}, {17, 17, 3, 31}, {18, 18, 3, 31}, {19, 19, 1, 31}, {0, 20, 1, 32}, {1, 21, 1, 33}, {2, 22, 1, 33}, {3, 23, 1, 33}, {0, 25, 1, 34}, {0, 26, 1, 35}, {0, 30, 1, 36}, {1, 27, 1, 37}, {2, 28, 1, 37}, {3, 29, 1, 37}, {0, 32, 1, 38}, {0, 34, 1, 39}, {0, 35, 1, 40}}
alpha_scalar_moments = 16
alpha_moment_mapping = {0, 20, 24, 25, 26, 30, 31, 32, 33, 34, 35, 36, 37, 38, 39, 40}
species_coeffs = {1.344362333610226e+02}
moment_coeffs = {-7.151069523716998e+02, 2.496725855794352e+00, 7.400778045795712e-01, 1.363784192097178e+03, -1.073893837708102e+03, 3.727799268833600e+01, -2.139287514370335e+00, -3.320425146854465e+00, 1.602233391537303e+00, -1.161995112043885e+03, 2.783843667099862e+03, -4.105816228460672e+01, 5.694830974002935e+01, 1.770860399110041e+00, 3.756102198934181e+02, -1.819145038970846e+03}