MTP
version = 1.1.0
potential_name = MTP1m
scaling = 1.959733531524330e-02
species_count = 1
potential_tag = 
radial_basis_type = RBChebyshev
	min_dist = 2.000000000000000e+00
	max_dist = 5.000000000000000e+00
	radial_basis_size = 8
	radial_funcs_count = 3
	radial_coeffs
		0-0
			{-6.744382526712549e-02, -3.157117690898920e-02, -6.221420925252456e-03, 6.812655459818567e-01, -3.769686666659514e-01, -5.785247688944245e-01, -1.025112803269341e-01, -2.073361853008598e-01}
			{3.324511577930233e-01, 5.816252857311039e-01, 3.647885671687031e-01, 3.672946636742323e-02, 1.871597269327538e-01, 8.712148342824263e-03, -5.977656002265351e-01, -1.560132164759728e-01}
			{2.656856788306074e-01, -6.300973113120809e-01, -1.751408019476472e-01, -2.202663230160775e-01, -9.057637673311998e-02, -1.217186144250243e-01, -6.457853222597594e-01, 1.146244320113695e-01}
alpha_moments_count = 41
alpha_index_basic_count = 25
alpha_index_basic = {{0, 0, 0, 0}, {0, 1, 0, 0}, {0, 0, 1, 0}, {0, 0, 0, 1}, {0, 2, 0, 0}, {0, 1, 1, 0}, {0, 1, 0, 1}, {0, 0, 2, 0}, {0, 0, 1, 1}, {0, 0, 0, 2}, {0, 3, 0, 0}, {0, 2, 1, 0}, {0, 2, 0, 1}, {0, 1, 2, 0}, {0, 1, 1, 1}, {0, 1, 0, 2}, {0, 0, 3, 0}, {0, 0, 2, 1}, {0, 0, 1, 2}, {0, 0, 0, 3}, {1, 0, 0, 0}, {1, 1, 0, 0}, {1, 0, 1, 0}, {1, 0, 0, 1}, {2, 0, 0, 0}}
alpha_index_times_count = 42
alpha_index_times = {{0, 0, 1, 25}, {1, 1, 1, 26}, {2, 2, 1, 26}, {3, 3, 1, 26}, {1, 4, 1, 27}, {2, 5, 1, 27}, {3, 6, 1, 27}, {1, 5, 1, 28}, {2, 7, 1, 28}, {3, 8, 1, 28}, {1, 6, 1, 29}, {2, 8, 1, 29}, {3, 9, 1, 29}, {4, 4, 1, 30}, {5, 5, 2, 30}, {6, 6, 2, 30}, {7, 7, 1, 30}, {8, 8, 2, 30}, {9, 9, 1, 30}, {10, 10, 1, 31}, {11, 11, 3, 31}, {12, 12, 3, 31}, {13, 13, 3, 31}, {14, 14, 6, 31}, {15, 15, 3, 31}, {16, 16, 1, 31}, {17, 17, 3, 31}, {18, 18, 3, 31}, {19, 19, 1, 31}, {0, 20, 1, 32}, {1, 21, 1, 33}, {2, 22, 1, 33}, {3, 23, 1, 33}, {0, 25, 1, 34}, {0, 26, 1, 35}, {0, 30, 1, 36}, {1, 27, 1, 37}, {2, 28, 1, 37}, {3, 29, 1, 37}, {0, 32, 1, 38}, {0, 34, 1, 39}, {0, 35, 1, 40}}
alpha_scalar_moments = 16
alpha_moment_mapping = {0, 20, 24, 25, 26, 30, 31, 32, 33, 34, 35, 36, 37, 38, 39, 40}
species_coeffs = {-1.110301009970458e+01}
moment_coeffs = {2.491275519212348e+01, 1.472734716312609e+01, -3.287507308930584e-01, -1.398900181057560e+00, -3.899067613605328e+01, -2.775463300350062e+01, 5.653820164582366e+00, -1.711951435209625e+01, 2.901293059347977e+01, -2.547449279614100e+01, 1.141658454276031e+02, 3.338970229061778e+01, -5.409338152664287e+01, 2.606962122159498e+00, 7.603369655408321e+00, -4.029527502730436e+01}