MTP
version = 1.1.0
potential_name = MTP1m
scaling = 2.586848261612117e-02
species_count = 1
potential_tag = 
radial_basis_type = RBChebyshev
	min_dist = 2.000000000000000e+00
	max_dist = 5.000000000000000e+00
	radial_basis_size = 8
	radial_funcs_count = 3
	radial_coeffs
		0-0
			{2.938571393319745e-01, 3.964146419480924e-01, 3.946148377280584e-01, 5.188064255073281e-01, 2.424562142071611e-01, -3.716657375941758e-01, -3.521171190456523e-01, -1.035158605038852e-01}
			{-5.189986077080838e-01, -1.719827239365307e-01, 9.346783518211360e-03, 1.975661269598292e-01, 6.802529612935335e-01, 2.596946789251270e-01, -2.165350434273468e-01, 2.913242309483862e-01}
			{-5.130906344524310e-01, 2.081869153016382e-01, 4.194540716640370e-01, -2.108369945639286e-01, -2.869360586188371e-01, -4.252271521015552e-01, 8.451436590333268e-02, 4.502323190953166e-01}
alpha_moments_count = 41
alpha_index_basic_count = 25
alpha_index_basic = {{0, 0, 0, 0}, {0, 1, 0, 0}, {0, 0, 1, 0}, {0, 0, 0, 1}, {0, 2, 0, 0}, {0, 1, 1, 0}, {0, 1, 0, 1}, {0, 0, 2, 0}, {0, 0, 1, 1}, {0, 0, 0, 2}, {0, 3, 0, 0}, {0, 2, 1, 0}, {0, 2, 0, 1}, {0, 1, 2, 0}, {0, 1, 1, 1}, {0, 1, 0, 2}, {0, 0, 3, 0}, {0, 0, 2, 1}, {0, 0, 1, 2}, {0, 0, 0, 3}, {1, 0, 0, 0}, {1, 1, 0, 0}, {1, 0, 1, 0}, {1, 0, 0, 1}, {2, 0, 0, 0}}
alpha_index_times_count = 42
alpha_index_times = {{0, 0, 1, 25}, {1, 1, 1, 26}, {2, 2, 1, 26}, {3, 3, 1, 26}, {1, 4, 1, 27}, {2, 5, 1, 27}, {3, 6, 1, 27}, {1, 5, 1, 28}, {2, 7, 1, 28}, {3, 8, 1, 28}, {1, 6, 1, 29}, {2, 8, 1, 29}, {3, 9, 1, 29}, {4, 4, 1, 30}, {5, 5, 2, 30}, {6, 6, 2, 30}, {7, 7, 1, 30}, {8, 8, 2, 30}, {9, 9, 1, 30}, {10, 10, 1, 31}, {11, 11, 3, 31}, {12, 12, 3, 31}, {13, 13, 3, 31}, {14, 14, 6, 31}, {15, 15, 3, 31}, {16, 16, 1, 31}, {17, 17, 3, 31}, {18, 18, 3, 31}, {19, 19, 1, 31}, {0, 20, 1, 32}, {1, 21, 1, 33}, {2, 22, 1, 33}, {3, 23, 1, 33}, {0, 25, 1, 34}, {0, 26, 1, 35}, {0, 30, 1, 36}, {1, 27, 1, 37}, {2, 28, 1, 37}, {3, 29, 1, 37}, {0, 32, 1, 38}, {0, 34, 1, 39}, {0, 35, 1, 40}}
alpha_scalar_moments = 16
alpha_moment_mapping = {0, 20, 24, 25, 26, 30, 31, 32, 33, 34, 35, 36, 37, 38, 39, 40}
species_coeffs = {-1.270039432241345e+01}
moment_coeffs = {7.442479918290785e+01, -5.348566049499448e+00, -1.135759218798864e+00, -1.424951234775295e+02, -5.380303786873166e+01, 4.325780630750288e+01, 3.709923921417651e+01, 4.736170852477587e+01, -4.477478042592154e-01, -6.771598533695403e+01, 1.457674923869726e+02, -1.037249865352643e+02, -6.466926851503658e+01, -7.976717538916427e+01, 2.400100593990604e+02, -1.994371548489862e+02}