MTP
version = 1.1.0
potential_name = MTP1m
scaling = 4.097567646393593e-02
species_count = 1
potential_tag = 
radial_basis_type = RBChebyshev
	min_dist = 2.000000000000000e+00
	max_dist = 5.000000000000000e+00
	radial_basis_size = 8
	radial_funcs_count = 3
	radial_coeffs
		0-0
			{1.805526087469623e-01, 4.099883695870846e-01, 5.873177432692792e-01, 2.139602600594059e-01, 2.087199534791388e-01, -4.641269046011408e-01, -3.440736878110172e-01, 1.767050136117801e-01}
			{4.766523543923213e-01, 2.386701948471088e-01, -1.704594418465199e-01, 2.742774105291790e-01, 1.641567274581235e-01, 3.281201439986686e-03, 1.215900919726469e-01, -7.548590618016812e-01}
			{3.913814325682341e-01, -4.491030549691985e-02, 4.761421127520154e-01, -1.784484846405011e-01, -3.854459450097289e-01, 4.305529904822723e-03, 6.563950917441996e-01, 8.250354002396194e-02}
alpha_moments_count = 41
alpha_index_basic_count = 25
alpha_index_basic = {{0, 0, 0, 0}, {0, 1, 0, 0}, {0, 0, 1, 0}, {0, 0, 0, 1}, {0, 2, 0, 0}, {0, 1, 1, 0}, {0, 1, 0, 1}, {0, 0, 2, 0}, {0, 0, 1, 1}, {0, 0, 0, 2}, {0, 3, 0, 0}, {0, 2, 1, 0}, {0, 2, 0, 1}, {0, 1, 2, 0}, {0, 1, 1, 1}, {0, 1, 0, 2}, {0, 0, 3, 0}, {0, 0, 2, 1}, {0, 0, 1, 2}, {0, 0, 0, 3}, {1, 0, 0, 0}, {1, 1, 0, 0}, {1, 0, 1, 0}, {1, 0, 0, 1}, {2, 0, 0, 0}}
alpha_index_times_count = 42
alpha_index_times = {{0, 0, 1, 25}, {1, 1, 1, 26}, {2, 2, 1, 26}, {3, 3, 1, 26}, {1, 4, 1, 27}, {2, 5, 1, 27}, {3, 6, 1, 27}, {1, 5, 1, 28}, {2, 7, 1, 28}, {3, 8, 1, 28}, {1, 6, 1, 29}, {2, 8, 1, 29}, {3, 9, 1, 29}, {4, 4, 1, 30}, {5, 5, 2, 30}, {6, 6, 2, 30}, {7, 7, 1, 30}, {8, 8, 2, 30}, {9, 9, 1, 30}, {10, 10, 1, 31}, {11, 11, 3, 31}, {12, 12, 3, 31}, {13, 13, 3, 31}, {14, 14, 6, 31}, {15, 15, 3, 31}, {16, 16, 1, 31}, {17, 17, 3, 31}, {18, 18, 3, 31}, {19, 19, 1, 31}, {0, 20, 1, 32}, {1, 21, 1, 33}, {2, 22, 1, 33}, {3, 23, 1, 33}, {0, 25, 1, 34}, {0, 26, 1, 35}, {0, 30, 1, 36}, {1, 27, 1, 37}, {2, 28, 1, 37}, {3, 29, 1, 37}, {0, 32, 1, 38}, {0, 34, 1, 39}, {0, 35, 1, 40}}
alpha_scalar_moments = 16
alpha_moment_mapping = {0, 20, 24, 25, 26, 30, 31, 32, 33, 34, 35, 36, 37, 38, 39, 40}
species_coeffs = {-5.797939692484044e+00}
moment_coeffs = {-1.349073657585764e+01, 1.614006786426326e+00, -7.105786304311992e-01, -1.461031979978921e+01, -3.504905964527616e+00, 1.754747760717226e+00, 1.334861798104215e+00, 7.527919430396219e+00, -2.247205291827477e+00, -1.487894450967072e+01, 5.585749378308398e+00, 2.645320116848320e+00, -2.040422217625371e+00, 6.223666094071860e+00, -1.155377261495336e+01, 5.109293936083067e+00}