MTP
version = 1.1.0
potential_name = MTP1m
scaling = 5.364088555278886e-02
species_count = 1
potential_tag = 
radial_basis_type = RBChebyshev
	min_dist = 2.000000000000000e+00
	max_dist = 5.000000000000000e+00
	radial_basis_size = 8
	radial_funcs_count = 3
	radial_coeffs
		0-0
			{-2.251208704950827e-01, -5.263737644772994e-01, -4.090962790235630e-01, 1.830517764954438e-01, -3.799954340826150e-01, -2.813234427178519e-01, -4.733861344824140e-01, 1.541093536486614e-01}
			{3.898043382328939e-01, 3.904407402024965e-01, 3.282216661364203e-01, 4.637585783581676e-02, -7.138522313952760e-02, -3.430083337198592e-01, -4.612339768884403e-01, 5.002410165643015e-01}
			{-7.496457712680259e-01, 2.135807283901353e-01, 3.250289174451270e-01, 3.087961889299252e-01, 2.963786823770441e-01, 3.159648477993757e-02, -3.160460632079392e-01, -5.188285381386095e-02}
alpha_moments_count = 41
alpha_index_basic_count = 25
alpha_index_basic = {{0, 0, 0, 0}, {0, 1, 0, 0}, {0, 0, 1, 0}, {0, 0, 0, 1}, {0, 2, 0, 0}, {0, 1, 1, 0}, {0, 1, 0, 1}, {0, 0, 2, 0}, {0, 0, 1, 1}, {0, 0, 0, 2}, {0, 3, 0, 0}, {0, 2, 1, 0}, {0, 2, 0, 1}, {0, 1, 2, 0}, {0, 1, 1, 1}, {0, 1, 0, 2}, {0, 0, 3, 0}, {0, 0, 2, 1}, {0, 0, 1, 2}, {0, 0, 0, 3}, {1, 0, 0, 0}, {1, 1, 0, 0}, {1, 0, 1, 0}, {1, 0, 0, 1}, {2, 0, 0, 0}}
alpha_index_times_count = 42
alpha_index_times = {{0, 0, 1, 25}, {1, 1, 1, 26}, {2, 2, 1, 26}, {3, 3, 1, 26}, {1, 4, 1, 27}, {2, 5, 1, 27}, {3, 6, 1, 27}, {1, 5, 1, 28}, {2, 7, 1, 28}, {3, 8, 1, 28}, {1, 6, 1, 29}, {2, 8, 1, 29}, {3, 9, 1, 29}, {4, 4, 1, 30}, {5, 5, 2, 30}, {6, 6, 2, 30}, {7, 7, 1, 30}, {8, 8, 2, 30}, {9, 9, 1, 30}, {10, 10, 1, 31}, {11, 11, 3, 31}, {12, 12, 3, 31}, {13, 13, 3, 31}, {14, 14, 6, 31}, {15, 15, 3, 31}, {16, 16, 1, 31}, {17, 17, 3, 31}, {18, 18, 3, 31}, {19, 19, 1, 31}, {0, 20, 1, 32}, {1, 21, 1, 33}, {2, 22, 1, 33}, {3, 23, 1, 33}, {0, 25, 1, 34}, {0, 26, 1, 35}, {0, 30, 1, 36}, {1, 27, 1, 37}, {2, 28, 1, 37}, {3, 29, 1, 37}, {0, 32, 1, 38}, {0, 34, 1, 39}, {0, 35, 1, 40}}
alpha_scalar_moments = 16
alpha_moment_mapping = {0, 20, 24, 25, 26, 30, 31, 32, 33, 34, 35, 36, 37, 38, 39, 40}
species_coeffs = {-6.891034397186975e-01}
moment_coeffs = {-8.537218416715808e-01, 5.631587535245143e-01, 1.953220394906169e-01, -9.075154731772617e-01, -5.010877678004029e-08, -1.499227217329498e+00, -2.991902953430381e-08, 9.150729971960639e-01, -1.561736755621206e-07, -8.984756939679249e-01, -3.381894480854282e-08, -1.148202012466144e+00, -1.127298160284761e-08, 1.328794594510247e+00, -8.036877163238197e-01, -2.282476447157739e-08}