MTP
version = 1.1.0
potential_name = MTP1m
scaling = 4.131714043446874e-02
species_count = 1
potential_tag = 
radial_basis_type = RBChebyshev
	min_dist = 2.000000000000000e+00
	max_dist = 5.000000000000000e+00
	radial_basis_size = 8
	radial_funcs_count = 3
	radial_coeffs
		0-0
			{-1.075333009673968e-01, -7.551831530260416e-01, 2.288896722336811e-01, -4.228182545177155e-01, 4.079259133298486e-01, -1.081168700991669e-01, 6.740969593338511e-02, -6.582066459850780e-02}
			{5.473537968948395e-01, -1.732578499759969e-01, 2.012686042787395e-01, -2.003207344853656e-01, -4.284822711138307e-01, -1.778896922182211e-01, -6.040021481493305e-01, 9.842609251648735e-02}
			{5.072710594590899e-02, 3.224010838094771e-01, -1.130290118259320e-01, 2.604211710065859e-02, 7.311501473630740e-01, -2.367571856549947e-01, -5.372376468449158e-01, 2.778056096652976e-02}
alpha_moments_count = 41
alpha_index_basic_count = 25
alpha_index_basic = {{0, 0, 0, 0}, {0, 1, 0, 0}, {0, 0, 1, 0}, {0, 0, 0, 1}, {0, 2, 0, 0}, {0, 1, 1, 0}, {0, 1, 0, 1}, {0, 0, 2, 0}, {0, 0, 1, 1}, {0, 0, 0, 2}, {0, 3, 0, 0}, {0, 2, 1, 0}, {0, 2, 0, 1}, {0, 1, 2, 0}, {0, 1, 1, 1}, {0, 1, 0, 2}, {0, 0, 3, 0}, {0, 0, 2, 1}, {0, 0, 1, 2}, {0, 0, 0, 3}, {1, 0, 0, 0}, {1, 1, 0, 0}, {1, 0, 1, 0}, {1, 0, 0, 1}, {2, 0, 0, 0}}
alpha_index_times_count = 42
alpha_index_times = {{0, 0, 1, 25}, {1, 1, 1, 26}, {2, 2, 1, 26}, {3, 3, 1, 26}, {1, 4, 1, 27}, {2, 5, 1, 27}, {3, 6, 1, 27}, {1, 5, 1, 28}, {2, 7, 1, 28}, {3, 8, 1, 28}, {1, 6, 1, 29}, {2, 8, 1, 29}, {3, 9, 1, 29}, {4, 4, 1, 30}, {5, 5, 2, 30}, {6, 6, 2, 30}, {7, 7, 1, 30}, {8, 8, 2, 30}, {9, 9, 1, 30}, {10, 10, 1, 31}, {11, 11, 3, 31}, {12, 12, 3, 31}, {13, 13, 3, 31}, {14, 14, 6, 31}, {15, 15, 3, 31}, {16, 16, 1, 31}, {17, 17, 3, 31}, {18, 18, 3, 31}, {19, 19, 1, 31}, {0, 20, 1, 32}, {1, 21, 1, 33}, {2, 22, 1, 33}, {3, 23, 1, 33}, {0, 25, 1, 34}, {0, 26, 1, 35}, {0, 30, 1, 36}, {1, 27, 1, 37}, {2, 28, 1, 37}, {3, 29, 1, 37}, {0, 32, 1, 38}, {0, 34, 1, 39}, {0, 35, 1, 40}}
alpha_scalar_moments = 16
alpha_moment_mapping = {0, 20, 24, 25, 26, 30, 31, 32, 33, 34, 35, 36, 37, 38, 39, 40}
species_coeffs = {-1.299919853196399e+00}
moment_coeffs = {1.788179601549255e+01, 1.040315134488140e+00, -2.254649994560874e-01, 5.117963048553417e+01, 2.539898395115041e+01, -1.066256082132833e+01, -4.384531111211857e+00, 1.463597683350371e+00, -4.431841150589694e-01, 5.995886077858307e+01, 6.475898714537145e+01, -1.305615794888461e+01, 2.189413401439434e+01, 8.707734147381523e-01, 2.322940482027351e+01, 5.642795572803367e+01}