MTP
version = 1.1.0
potential_name = MTP1m
scaling = 3.044527060730765e-01
species_count = 1
potential_tag = 
radial_basis_type = RBChebyshev
	min_dist = 2.000000000000000e+00
	max_dist = 5.000000000000000e+00
	radial_basis_size = 8
	radial_funcs_count = 3
	radial_coeffs
		0-0
			{1.499297233182509e-01, 2.133378173865495e-01, -1.775247171311607e-01, 5.514834951478425e-01, -7.578703300382267e-02, -3.358609389030038e-01, 2.837671167986255e-01, -6.303086236891756e-01}
			{1.833058304306391e-01, -4.263725294406175e-01, -5.296387956055468e-01, -5.020386702035341e-01, 1.481378152782979e-01, -2.437424148131647e-01, 4.013458054671870e-01, -9.803940543389311e-02}
			{8.889242661851392e-02, -5.899180476460308e-02, -6.061770045978474e-01, 9.224533314304607e-02, -5.375340476523018e-02, 5.414024150021823e-01, -5.015246411789652e-01, -2.551967301257149e-01}
alpha_moments_count = 41
alpha_index_basic_count = 25
alpha_index_basic = {{0, 0, 0, 0}, {0, 1, 0, 0}, {0, 0, 1, 0}, {0, 0, 0, 1}, {0, 2, 0, 0}, {0, 1, 1, 0}, {0, 1, 0, 1}, {0, 0, 2, 0}, {0, 0, 1, 1}, {0, 0, 0, 2}, {0, 3, 0, 0}, {0, 2, 1, 0}, {0, 2, 0, 1}, {0, 1, 2, 0}, {0, 1, 1, 1}, {0, 1, 0, 2}, {0, 0, 3, 0}, {0, 0, 2, 1}, {0, 0, 1, 2}, {0, 0, 0, 3}, {1, 0, 0, 0}, {1, 1, 0, 0}, {1, 0, 1, 0}, {1, 0, 0, 1}, {2, 0, 0, 0}}
alpha_index_times_count = 42
alpha_index_times = {{0, 0, 1, 25}, {1, 1, 1, 26}, {2, 2, 1, 26}, {3, 3, 1, 26}, {1, 4, 1, 27}, {2, 5, 1, 27}, {3, 6, 1, 27}, {1, 5, 1, 28}, {2, 7, 1, 28}, {3, 8, 1, 28}, {1, 6, 1, 29}, {2, 8, 1, 29}, {3, 9, 1, 29}, {4, 4, 1, 30}, {5, 5, 2, 30}, {6, 6, 2, 30}, {7, 7, 1, 30}, {8, 8, 2, 30}, {9, 9, 1, 30}, {10, 10, 1, 31}, {11, 11, 3, 31}, {12, 12, 3, 31}, {13, 13, 3, 31}, {14, 14, 6, 31}, {15, 15, 3, 31}, {16, 16, 1, 31}, {17, 17, 3, 31}, {18, 18, 3, 31}, {19, 19, 1, 31}, {0, 20, 1, 32}, {1, 21, 1, 33}, {2, 22, 1, 33}, {3, 23, 1, 33}, {0, 25, 1, 34}, {0, 26, 1, 35}, {0, 30, 1, 36}, {1, 27, 1, 37}, {2, 28, 1, 37}, {3, 29, 1, 37}, {0, 32, 1, 38}, {0, 34, 1, 39}, {0, 35, 1, 40}}
alpha_scalar_moments = 16
alpha_moment_mapping = {0, 20, 24, 25, 26, 30, 31, 32, 33, 34, 35, 36, 37, 38, 39, 40}
species_coeffs = {-1.247322049450753e+00}
moment_coeffs = {1.419468605445489e+00, -1.590578122012577e+00, 2.531569451052878e-02, -2.226690546357577e-02, 2.932173715954010e+00, -1.628112371172884e-01, 1.155702765403528e-02, 6.475670490862823e-02, 2.547832816097485e-02, -3.760136234669536e-03, -2.934375249770025e-01, 8.464427860413107e-03, 1.785700892215582e-03, 7.511061871583214e-04, 4.549145759632233e-05, 7.286315419809848e-03}