MTP
version = 1.1.0
potential_name = MTP1m
scaling = 8.567522240491439e-02
species_count = 1
potential_tag = 
radial_basis_type = RBChebyshev
	min_dist = 2.000000000000000e+00
	max_dist = 5.000000000000000e+00
	radial_basis_size = 8
	radial_funcs_count = 3
	radial_coeffs
		0-0
			{-3.848950483879053e-01, -7.257905654382943e-01, -3.692802820668013e-01, -3.834243047020769e-01, -9.873715582628625e-02, -1.689540575819789e-01, -5.100439583027970e-02, -2.838633438002766e-02}
			{-6.924872579237108e-01, 1.888949216179017e-01, -1.196992362979512e-01, 1.635411395758135e-01, 3.977498925002208e-02, 5.845186161265791e-01, 2.614592550701746e-01, -1.791688853176731e-01}
			{1.478073241466296e-01, -4.630910640412346e-01, 6.841310010230404e-01, -1.797520620098149e-01, 9.558270799046412e-02, 5.039501836026199e-01, 1.466283105308394e-02, 6.065471276562745e-03}
alpha_moments_count = 41
alpha_index_basic_count = 25
alpha_index_basic = {{0, 0, 0, 0}, {0, 1, 0, 0}, {0, 0, 1, 0}, {0, 0, 0, 1}, {0, 2, 0, 0}, {0, 1, 1, 0}, {0, 1, 0, 1}, {0, 0, 2, 0}, {0, 0, 1, 1}, {0, 0, 0, 2}, {0, 3, 0, 0}, {0, 2, 1, 0}, {0, 2, 0, 1}, {0, 1, 2, 0}, {0, 1, 1, 1}, {0, 1, 0, 2}, {0, 0, 3, 0}, {0, 0, 2, 1}, {0, 0, 1, 2}, {0, 0, 0, 3}, {1, 0, 0, 0}, {1, 1, 0, 0}, {1, 0, 1, 0}, {1, 0, 0, 1}, {2, 0, 0, 0}}
alpha_index_times_count = 42
alpha_index_times = {{0, 0, 1, 25}, {1, 1, 1, 26}, {2, 2, 1, 26}, {3, 3, 1, 26}, {1, 4, 1, 27}, {2, 5, 1, 27}, {3, 6, 1, 27}, {1, 5, 1, 28}, {2, 7, 1, 28}, {3, 8, 1, 28}, {1, 6, 1, 29}, {2, 8, 1, 29}, {3, 9, 1, 29}, {4, 4, 1, 30}, {5, 5, 2, 30}, {6, 6, 2, 30}, {7, 7, 1, 30}, {8, 8, 2, 30}, {9, 9, 1, 30}, {10, 10, 1, 31}, {11, 11, 3, 31}, {12, 12, 3, 31}, {13, 13, 3, 31}, {14, 14, 6, 31}, {15, 15, 3, 31}, {16, 16, 1, 31}, {17, 17, 3, 31}, {18, 18, 3, 31}, {19, 19, 1, 31}, {0, 20, 1, 32}, {1, 21, 1, 33}, {2, 22, 1, 33}, {3, 23, 1, 33}, {0, 25, 1, 34}, {0, 26, 1, 35}, {0, 30, 1, 36}, {1, 27, 1, 37}, {2, 28, 1, 37}, {3, 29, 1, 37}, {0, 32, 1, 38}, {0, 34, 1, 39}, {0, 35, 1, 40}}
alpha_scalar_moments = 16
alpha_moment_mapping = {0, 20, 24, 25, 26, 30, 31, 32, 33, 34, 35, 36, 37, 38, 39, 40}
species_coeffs = {-5.918240152866238e-01}
moment_coeffs = {1.718528502142528e+01, 3.175454658323032e-01, 2.480312948773080e-01, 3.888870372858330e+01, 1.462668709464576e+01, -1.113192297389855e+01, -7.524727913670206e+00, 1.838861960181849e+00, 2.928102551551462e-01, 3.417878496462352e+01, 2.502837495275637e+01, -9.581029193782522e+00, 1.172570075964283e+01, 1.759481837593399e+00, 1.089432396747010e+01, 2.328277700052178e+01}