MTP
version = 1.1.0
potential_name = MTP1m
scaling = 6.313131313131314e-01
species_count = 1
potential_tag = 
radial_basis_type = RBChebyshev
	min_dist = 2.000000000000000e+00
	max_dist = 5.000000000000000e+00
	radial_basis_size = 8
	radial_funcs_count = 3
	radial_coeffs
		0-0
			{2.013923995907472e-01, -3.478628277154376e-01, 3.319350631301661e-01, -1.993879415446149e-02, 4.829934261487373e-01, -3.893799048015885e-01, -4.895704638555139e-01, 3.213650774235533e-01}
			{3.239796885141965e-01, -8.972506730838481e-02, 2.200363489020313e-01, 5.690738415640287e-01, -5.019407423201897e-01, -4.533558538852265e-01, 3.284309664401652e-02, -2.370038668166791e-01}
			{2.371682499814544e-01, 2.054582000874757e-01, -2.452335105074749e-01, 6.887857955800931e-01, 3.439929494007292e-01, 4.449989185845131e-01, -2.160073759962528e-01, 6.291604155732045e-02}
alpha_moments_count = 41
alpha_index_basic_count = 25
alpha_index_basic = {{0, 0, 0, 0}, {0, 1, 0, 0}, {0, 0, 1, 0}, {0, 0, 0, 1}, {0, 2, 0, 0}, {0, 1, 1, 0}, {0, 1, 0, 1}, {0, 0, 2, 0}, {0, 0, 1, 1}, {0, 0, 0, 2}, {0, 3, 0, 0}, {0, 2, 1, 0}, {0, 2, 0, 1}, {0, 1, 2, 0}, {0, 1, 1, 1}, {0, 1, 0, 2}, {0, 0, 3, 0}, {0, 0, 2, 1}, {0, 0, 1, 2}, {0, 0, 0, 3}, {1, 0, 0, 0}, {1, 1, 0, 0}, {1, 0, 1, 0}, {1, 0, 0, 1}, {2, 0, 0, 0}}
alpha_index_times_count = 42
alpha_index_times = {{0, 0, 1, 25}, {1, 1, 1, 26}, {2, 2, 1, 26}, {3, 3, 1, 26}, {1, 4, 1, 27}, {2, 5, 1, 27}, {3, 6, 1, 27}, {1, 5, 1, 28}, {2, 7, 1, 28}, {3, 8, 1, 28}, {1, 6, 1, 29}, {2, 8, 1, 29}, {3, 9, 1, 29}, {4, 4, 1, 30}, {5, 5, 2, 30}, {6, 6, 2, 30}, {7, 7, 1, 30}, {8, 8, 2, 30}, {9, 9, 1, 30}, {10, 10, 1, 31}, {11, 11, 3, 31}, {12, 12, 3, 31}, {13, 13, 3, 31}, {14, 14, 6, 31}, {15, 15, 3, 31}, {16, 16, 1, 31}, {17, 17, 3, 31}, {18, 18, 3, 31}, {19, 19, 1, 31}, {0, 20, 1, 32}, {1, 21, 1, 33}, {2, 22, 1, 33}, {3, 23, 1, 33}, {0, 25, 1, 34}, {0, 26, 1, 35}, {0, 30, 1, 36}, {1, 27, 1, 37}, {2, 28, 1, 37}, {3, 29, 1, 37}, {0, 32, 1, 38}, {0, 34, 1, 39}, {0, 35, 1, 40}}
alpha_scalar_moments = 16
alpha_moment_mapping = {0, 20, 24, 25, 26, 30, 31, 32, 33, 34, 35, 36, 37, 38, 39, 40}
species_coeffs = {-1.178988628065069e+00}
moment_coeffs = {3.404511189145486e-02, -2.720288171488401e-02, -9.249429664482239e-02, 2.055503482838977e-04, -6.862545248302227e-05, 6.907315989399798e-04, -4.249937602289417e-05, 6.318145317468395e-04, 4.158497610911950e-05, -1.774743681293389e-04, 4.287259238535307e-04, -5.335723345933186e-04, 1.429086412845106e-04, 1.040224307977878e-05, 3.139871561969653e-05, -2.678392799370416e-03}