MTP
version = 1.1.0
potential_name = MTP1m
scaling = 1.345879857415382e-01
species_count = 1
potential_tag = 
radial_basis_type = RBChebyshev
	min_dist = 2.000000000000000e+00
	max_dist = 5.000000000000000e+00
	radial_basis_size = 8
	radial_funcs_count = 3
	radial_coeffs
		0-0
			{-3.943513369822655e-01, 5.266475345151060e-01, 1.048238132564624e-01, -1.479979142710002e-01, -5.169482785840832e-01, 4.979582947866636e-01, 1.187962344899065e-01, -7.019580292580394e-02}
			{-7.935793845562496e-02, -4.986982776423257e-01, 4.879054459350209e-01, -1.693001055914385e-01, -2.564775119986393e-01, 1.876786804022379e-01, -6.135785511414661e-01, -2.838054077936310e-02}
			{-3.054278163700082e-02, -2.248993026864851e-01, -1.971121742962236e-01, -7.026425148746874e-01, 2.996300671739909e-01, 2.433880194322765e-01, 1.952022834963558e-01, -4.783386789041305e-01}
alpha_moments_count = 41
alpha_index_basic_count = 25
alpha_index_basic = {{0, 0, 0, 0}, {0, 1, 0, 0}, {0, 0, 1, 0}, {0, 0, 0, 1}, {0, 2, 0, 0}, {0, 1, 1, 0}, {0, 1, 0, 1}, {0, 0, 2, 0}, {0, 0, 1, 1}, {0, 0, 0, 2}, {0, 3, 0, 0}, {0, 2, 1, 0}, {0, 2, 0, 1}, {0, 1, 2, 0}, {0, 1, 1, 1}, {0, 1, 0, 2}, {0, 0, 3, 0}, {0, 0, 2, 1}, {0, 0, 1, 2}, {0, 0, 0, 3}, {1, 0, 0, 0}, {1, 1, 0, 0}, {1, 0, 1, 0}, {1, 0, 0, 1}, {2, 0, 0, 0}}
alpha_index_times_count = 42
alpha_index_times = {{0, 0, 1, 25}, {1, 1, 1, 26}, {2, 2, 1, 26}, {3, 3, 1, 26}, {1, 4, 1, 27}, {2, 5, 1, 27}, {3, 6, 1, 27}, {1, 5, 1, 28}, {2, 7, 1, 28}, {3, 8, 1, 28}, {1, 6, 1, 29}, {2, 8, 1, 29}, {3, 9, 1, 29}, {4, 4, 1, 30}, {5, 5, 2, 30}, {6, 6, 2, 30}, {7, 7, 1, 30}, {8, 8, 2, 30}, {9, 9, 1, 30}, {10, 10, 1, 31}, {11, 11, 3, 31}, {12, 12, 3, 31}, {13, 13, 3, 31}, {14, 14, 6, 31}, {15, 15, 3, 31}, {16, 16, 1, 31}, {17, 17, 3, 31}, {18, 18, 3, 31}, {19, 19, 1, 31}, {0, 20, 1, 32}, {1, 21, 1, 33}, {2, 22, 1, 33}, {3, 23, 1, 33}, {0, 25, 1, 34}, {0, 26, 1, 35}, {0, 30, 1, 36}, {1, 27, 1, 37}, {2, 28, 1, 37}, {3, 29, 1, 37}, {0, 32, 1, 38}, {0, 34, 1, 39}, {0, 35, 1, 40}}
alpha_scalar_moments = 16
alpha_moment_mapping = {0, 20, 24, 25, 26, 30, 31, 32, 33, 34, 35, 36, 37, 38, 39, 40}
species_coeffs = {3.720502081370610e-01}
moment_coeffs = {-7.003831561639576e-01, 1.004662804673906e-01, -3.309619904716533e-01, 1.405352922547020e-01, -3.355021616847397e+00, -2.109641600256276e+00, -2.218658380533080e-01, -4.839271860605311e-02, 1.739248794015154e-01, -5.703098484612818e-03, -8.939611396210201e-01, -2.512731671382331e-01, 4.052836483789746e-02, -3.971874781264872e-03, -4.678346135012134e-03, -5.920883896267770e-02}