MTP
version = 1.1.0
potential_name = MTP1m
scaling = 7.080596892968126e-02
species_count = 1
potential_tag = 
radial_basis_type = RBChebyshev
	min_dist = 2.000000000000000e+00
	max_dist = 5.000000000000000e+00
	radial_basis_size = 8
	radial_funcs_count = 3
	radial_coeffs
		0-0
			{-1.685958406993845e-01, 9.037199556228522e-01, -1.331078000479628e-01, 2.610407990909916e-01, -2.571418777467720e-01, -5.257871322395581e-03, -3.236689380464478e-02, 4.252636791081469e-02}
			{3.049344593117904e-01, -1.240465637645968e-02, -2.270063848414874e-01, -4.206114840587905e-01, -6.085283028950248e-01, -3.833044565019180e-01, -2.325805022694611e-02, -4.008057400344707e-01}
			{-5.635778997604538e-01, -1.200925533873491e-01, 1.824051528919516e-01, -3.829943314920434e-01, -4.284603717663157e-01, 1.471904549849620e-01, -3.464369144715848e-01, 4.034099342412474e-01}
alpha_moments_count = 41
alpha_index_basic_count = 25
alpha_index_basic = {{0, 0, 0, 0}, {0, 1, 0, 0}, {0, 0, 1, 0}, {0, 0, 0, 1}, {0, 2, 0, 0}, {0, 1, 1, 0}, {0, 1, 0, 1}, {0, 0, 2, 0}, {0, 0, 1, 1}, {0, 0, 0, 2}, {0, 3, 0, 0}, {0, 2, 1, 0}, {0, 2, 0, 1}, {0, 1, 2, 0}, {0, 1, 1, 1}, {0, 1, 0, 2}, {0, 0, 3, 0}, {0, 0, 2, 1}, {0, 0, 1, 2}, {0, 0, 0, 3}, {1, 0, 0, 0}, {1, 1, 0, 0}, {1, 0, 1, 0}, {1, 0, 0, 1}, {2, 0, 0, 0}}
alpha_index_times_count = 42
alpha_index_times = {{0, 0, 1, 25}, {1, 1, 1, 26}, {2, 2, 1, 26}, {3, 3, 1, 26}, {1, 4, 1, 27}, {2, 5, 1, 27}, {3, 6, 1, 27}, {1, 5, 1, 28}, {2, 7, 1, 28}, {3, 8, 1, 28}, {1, 6, 1, 29}, {2, 8, 1, 29}, {3, 9, 1, 29}, {4, 4, 1, 30}, {5, 5, 2, 30}, {6, 6, 2, 30}, {7, 7, 1, 30}, {8, 8, 2, 30}, {9, 9, 1, 30}, {10, 10, 1, 31}, {11, 11, 3, 31}, {12, 12, 3, 31}, {13, 13, 3, 31}, {14, 14, 6, 31}, {15, 15, 3, 31}, {16, 16, 1, 31}, {17, 17, 3, 31}, {18, 18, 3, 31}, {19, 19, 1, 31}, {0, 20, 1, 32}, {1, 21, 1, 33}, {2, 22, 1, 33}, {3, 23, 1, 33}, {0, 25, 1, 34}, {0, 26, 1, 35}, {0, 30, 1, 36}, {1, 27, 1, 37}, {2, 28, 1, 37}, {3, 29, 1, 37}, {0, 32, 1, 38}, {0, 34, 1, 39}, {0, 35, 1, 40}}
alpha_scalar_moments = 16
alpha_moment_mapping = {0, 20, 24, 25, 26, 30, 31, 32, 33, 34, 35, 36, 37, 38, 39, 40}
species_coeffs = {4.443005125715909e+00}
moment_coeffs = {3.996580131118007e+01, 7.941844683967025e-01, 1.372037461942761e-01, 6.944195382086747e+01, 1.296073888145575e+01, 1.652639119005838e+01, 1.101022801028690e-01, 1.435437339438388e+00, 1.735216792064002e-01, 5.452320037308495e+01, 2.221386658683994e+01, 1.900332060435727e+01, 7.149509513839163e+00, 6.831898575956326e-01, 1.853449142565906e+01, 1.308367429310921e+01}