MTP
version = 1.1.0
potential_name = MTP1m
scaling = 1.646720536905862e-02
species_count = 1
potential_tag = 
radial_basis_type = RBChebyshev
	min_dist = 2.000000000000000e+00
	max_dist = 5.000000000000000e+00
	radial_basis_size = 8
	radial_funcs_count = 3
	radial_coeffs
		0-0
			{-6.757579692685012e-03, -1.061185670306182e-01, -3.509168707427662e-02, -5.809348013309311e-01, -4.017269826302006e-01, 4.672635871582352e-01, 2.245829803625784e-01, 4.688487715919199e-01}
			{5.905581199754703e-01, 5.341775903414410e-01, 2.270271422027243e-01, -3.877112265153608e-01, 6.588186625144890e-02, -2.776023056704801e-01, -2.595886155992576e-01, 1.234681330635108e-01}
			{-4.093320023942735e-01, -1.086703629440054e-02, -4.102067493772011e-02, -1.625751965210575e-02, 1.029265581588386e-01, -6.212662233221098e-01, 3.807214172650510e-02, 6.575462958830357e-01}
alpha_moments_count = 41
alpha_index_basic_count = 25
alpha_index_basic = {{0, 0, 0, 0}, {0, 1, 0, 0}, {0, 0, 1, 0}, {0, 0, 0, 1}, {0, 2, 0, 0}, {0, 1, 1, 0}, {0, 1, 0, 1}, {0, 0, 2, 0}, {0, 0, 1, 1}, {0, 0, 0, 2}, {0, 3, 0, 0}, {0, 2, 1, 0}, {0, 2, 0, 1}, {0, 1, 2, 0}, {0, 1, 1, 1}, {0, 1, 0, 2}, {0, 0, 3, 0}, {0, 0, 2, 1}, {0, 0, 1, 2}, {0, 0, 0, 3}, {1, 0, 0, 0}, {1, 1, 0, 0}, {1, 0, 1, 0}, {1, 0, 0, 1}, {2, 0, 0, 0}}
alpha_index_times_count = 42
alpha_index_times = {{0, 0, 1, 25}, {1, 1, 1, 26}, {2, 2, 1, 26}, {3, 3, 1, 26}, {1, 4, 1, 27}, {2, 5, 1, 27}, {3, 6, 1, 27}, {1, 5, 1, 28}, {2, 7, 1, 28}, {3, 8, 1, 28}, {1, 6, 1, 29}, {2, 8, 1, 29}, {3, 9, 1, 29}, {4, 4, 1, 30}, {5, 5, 2, 30}, {6, 6, 2, 30}, {7, 7, 1, 30}, {8, 8, 2, 30}, {9, 9, 1, 30}, {10, 10, 1, 31}, {11, 11, 3, 31}, {12, 12, 3, 31}, {13, 13, 3, 31}, {14, 14, 6, 31}, {15, 15, 3, 31}, {16, 16, 1, 31}, {17, 17, 3, 31}, {18, 18, 3, 31}, {19, 19, 1, 31}, {0, 20, 1, 32}, {1, 21, 1, 33}, {2, 22, 1, 33}, {3, 23, 1, 33}, {0, 25, 1, 34}, {0, 26, 1, 35}, {0, 30, 1, 36}, {1, 27, 1, 37}, {2, 28, 1, 37}, {3, 29, 1, 37}, {0, 32, 1, 38}, {0, 34, 1, 39}, {0, 35, 1, 40}}
alpha_scalar_moments = 16
alpha_moment_mapping = {0, 20, 24, 25, 26, 30, 31, 32, 33, 34, 35, 36, 37, 38, 39, 40}
species_coeffs = {8.053307072171279e+01}
moment_coeffs = {3.841382164226034e+02, -7.601665668999287e+01, -4.774687917788523e-01, 1.828393974405818e+02, 4.252639349616592e+02, -3.513559076078304e+02, -7.538929736972348e+01, -3.251879234620078e+02, -9.836725645272214e+00, -1.434359993768599e+03, 1.330792269585674e+03, -7.973825099273465e+02, -7.250469828439973e+02, -3.433154666264373e+02, -1.939585350183154e+03, 6.829431981239840e+02}