MTP
version = 1.1.0
potential_name = MTP1m
scaling = 8.638918259162204e-02
species_count = 1
potential_tag = 
radial_basis_type = RBChebyshev
	min_dist = 2.000000000000000e+00
	max_dist = 5.000000000000000e+00
	radial_basis_size = 8
	radial_funcs_count = 3
	radial_coeffs
		0-0
			{-3.806306254527311e-01, 5.870907988239248e-01, 2.209010376062200e-01, -3.588353785489501e-01, -4.648450340803754e-01, 2.472513629146632e-01, -7.698885420681173e-02, 2.230318294447098e-01}
			{-4.294478201568909e-01, -2.455251536415120e-01, 1.997355474389950e-01, 4.932226159174891e-01, -3.821081560437080e-01, 1.812911081375724e-01, -1.171686976908249e-01, -5.287036198146605e-01}
			{4.408881165692597e-01, 5.040312515272622e-01, -1.379615299836771e-01, 6.677629569160322e-01, -1.428551846718817e-01, 1.103454059001386e-01, -1.709021839899465e-01, 1.576012248802520e-01}
alpha_moments_count = 41
alpha_index_basic_count = 25
alpha_index_basic = {{0, 0, 0, 0}, {0, 1, 0, 0}, {0, 0, 1, 0}, {0, 0, 0, 1}, {0, 2, 0, 0}, {0, 1, 1, 0}, {0, 1, 0, 1}, {0, 0, 2, 0}, {0, 0, 1, 1}, {0, 0, 0, 2}, {0, 3, 0, 0}, {0, 2, 1, 0}, {0, 2, 0, 1}, {0, 1, 2, 0}, {0, 1, 1, 1}, {0, 1, 0, 2}, {0, 0, 3, 0}, {0, 0, 2, 1}, {0, 0, 1, 2}, {0, 0, 0, 3}, {1, 0, 0, 0}, {1, 1, 0, 0}, {1, 0, 1, 0}, {1, 0, 0, 1}, {2, 0, 0, 0}}
alpha_index_times_count = 42
alpha_index_times = {{0, 0, 1, 25}, {1, 1, 1, 26}, {2, 2, 1, 26}, {3, 3, 1, 26}, {1, 4, 1, 27}, {2, 5, 1, 27}, {3, 6, 1, 27}, {1, 5, 1, 28}, {2, 7, 1, 28}, {3, 8, 1, 28}, {1, 6, 1, 29}, {2, 8, 1, 29}, {3, 9, 1, 29}, {4, 4, 1, 30}, {5, 5, 2, 30}, {6, 6, 2, 30}, {7, 7, 1, 30}, {8, 8, 2, 30}, {9, 9, 1, 30}, {10, 10, 1, 31}, {11, 11, 3, 31}, {12, 12, 3, 31}, {13, 13, 3, 31}, {14, 14, 6, 31}, {15, 15, 3, 31}, {16, 16, 1, 31}, {17, 17, 3, 31}, {18, 18, 3, 31}, {19, 19, 1, 31}, {0, 20, 1, 32}, {1, 21, 1, 33}, {2, 22, 1, 33}, {3, 23, 1, 33}, {0, 25, 1, 34}, {0, 26, 1, 35}, {0, 30, 1, 36}, {1, 27, 1, 37}, {2, 28, 1, 37}, {3, 29, 1, 37}, {0, 32, 1, 38}, {0, 34, 1, 39}, {0, 35, 1, 40}}
alpha_scalar_moments = 16
alpha_moment_mapping = {0, 20, 24, 25, 26, 30, 31, 32, 33, 34, 35, 36, 37, 38, 39, 40}
species_coeffs = {-7.129699331350389e+00}
moment_coeffs = {-6.632636116276053e+00, 2.099271535403310e-01, 2.322214508578549e-01, -1.340858891174264e+00, -3.811963878989089e+01, -3.634519105999649e+00, -4.173133769008043e-01, -3.949916904036876e-02, -4.343305973419499e-03, -1.511726602269950e-01, -1.289712828654419e+01, -6.126635762167475e-01, -1.987653699185937e-01, -1.095079836622250e-02, -1.700271373892712e-02, -1.093387640974646e+00}