MTP
version = 1.1.0
potential_name = MTP1m
scaling = 1.345879857415382e-01
species_count = 1
potential_tag = 
radial_basis_type = RBChebyshev
	min_dist = 2.000000000000000e+00
	max_dist = 5.000000000000000e+00
	radial_basis_size = 8
	radial_funcs_count = 3
	radial_coeffs
		0-0
			{3.543565922518958e-01, 7.374372134142725e-01, 3.272109095219715e-01, -1.529121395592253e-01, 1.558031579030311e-01, -2.772845247456441e-01, 8.253971946021299e-02, -3.036355089578548e-01}
			{2.687466160303943e-01, -1.305065266846911e-01, -6.227501062416096e-01, -2.077010661939402e-01, 3.341337253958344e-01, -1.867627826114251e-01, 5.727645444830166e-01, -7.211773367470273e-02}
			{-1.496657183783286e-01, -8.740455628816328e-02, 7.804078738703753e-02, -7.331937101348941e-01, 4.527484643897998e-01, 3.534759287777243e-01, -2.926268323209906e-01, -1.036357427637515e-01}
alpha_moments_count = 41
alpha_index_basic_count = 25
alpha_index_basic = {{0, 0, 0, 0}, {0, 1, 0, 0}, {0, 0, 1, 0}, {0, 0, 0, 1}, {0, 2, 0, 0}, {0, 1, 1, 0}, {0, 1, 0, 1}, {0, 0, 2, 0}, {0, 0, 1, 1}, {0, 0, 0, 2}, {0, 3, 0, 0}, {0, 2, 1, 0}, {0, 2, 0, 1}, {0, 1, 2, 0}, {0, 1, 1, 1}, {0, 1, 0, 2}, {0, 0, 3, 0}, {0, 0, 2, 1}, {0, 0, 1, 2}, {0, 0, 0, 3}, {1, 0, 0, 0}, {1, 1, 0, 0}, {1, 0, 1, 0}, {1, 0, 0, 1}, {2, 0, 0, 0}}
alpha_index_times_count = 42
alpha_index_times = {{0, 0, 1, 25}, {1, 1, 1, 26}, {2, 2, 1, 26}, {3, 3, 1, 26}, {1, 4, 1, 27}, {2, 5, 1, 27}, {3, 6, 1, 27}, {1, 5, 1, 28}, {2, 7, 1, 28}, {3, 8, 1, 28}, {1, 6, 1, 29}, {2, 8, 1, 29}, {3, 9, 1, 29}, {4, 4, 1, 30}, {5, 5, 2, 30}, {6, 6, 2, 30}, {7, 7, 1, 30}, {8, 8, 2, 30}, {9, 9, 1, 30}, {10, 10, 1, 31}, {11, 11, 3, 31}, {12, 12, 3, 31}, {13, 13, 3, 31}, {14, 14, 6, 31}, {15, 15, 3, 31}, {16, 16, 1, 31}, {17, 17, 3, 31}, {18, 18, 3, 31}, {19, 19, 1, 31}, {0, 20, 1, 32}, {1, 21, 1, 33}, {2, 22, 1, 33}, {3, 23, 1, 33}, {0, 25, 1, 34}, {0, 26, 1, 35}, {0, 30, 1, 36}, {1, 27, 1, 37}, {2, 28, 1, 37}, {3, 29, 1, 37}, {0, 32, 1, 38}, {0, 34, 1, 39}, {0, 35, 1, 40}}
alpha_scalar_moments = 16
alpha_moment_mapping = {0, 20, 24, 25, 26, 30, 31, 32, 33, 34, 35, 36, 37, 38, 39, 40}
species_coeffs = {-3.297963575823732e+00}
moment_coeffs = {1.820743660005141e-02, -1.169272234399286e-01, -5.724513698333056e-02, 2.029664143265428e+00, 1.849315486739623e-02, -3.656464747160598e-01, -3.770552412894673e-01, -1.993720797651678e-02, 1.664466919915827e-02, -4.596059144371120e-01, -7.381331604596318e-01, -2.309839101676509e+00, -7.582831422514112e-01, -2.999768724909157e-01, -2.027201838434303e+00, -1.720220377358259e+00}