MTP
version = 1.1.0
potential_name = MTP1m
scaling = 2.173671108715738e-02
species_count = 1
potential_tag = 
radial_basis_type = RBChebyshev
	min_dist = 2.000000000000000e+00
	max_dist = 5.000000000000000e+00
	radial_basis_size = 8
	radial_funcs_count = 3
	radial_coeffs
		0-0
			{-9.101839839210729e-01, 1.822165826444362e-01, -2.604757180538961e-01, -8.379212994236850e-02, -6.200976968177672e-02, 1.925876824341470e-01, 1.316656224409244e-01, 7.226650533184208e-02}
			{-3.207361514992275e-01, -2.062553266575389e-01, 4.650383773063460e-01, -1.471097971687306e-01, 2.639730231154730e-02, -2.684360943424760e-01, -7.348298400281922e-01, 6.289219065260726e-02}
			{-6.365307661093457e-02, -7.153780682408544e-01, 1.667744772821309e-01, -5.224548164656465e-01, 1.030475577841710e-01, 1.391808641813939e-01, 3.916859889790139e-01, 1.310311045448448e-03}
alpha_moments_count = 41
alpha_index_basic_count = 25
alpha_index_basic = {{0, 0, 0, 0}, {0, 1, 0, 0}, {0, 0, 1, 0}, {0, 0, 0, 1}, {0, 2, 0, 0}, {0, 1, 1, 0}, {0, 1, 0, 1}, {0, 0, 2, 0}, {0, 0, 1, 1}, {0, 0, 0, 2}, {0, 3, 0, 0}, {0, 2, 1, 0}, {0, 2, 0, 1}, {0, 1, 2, 0}, {0, 1, 1, 1}, {0, 1, 0, 2}, {0, 0, 3, 0}, {0, 0, 2, 1}, {0, 0, 1, 2}, {0, 0, 0, 3}, {1, 0, 0, 0}, {1, 1, 0, 0}, {1, 0, 1, 0}, {1, 0, 0, 1}, {2, 0, 0, 0}}
alpha_index_times_count = 42
alpha_index_times = {{0, 0, 1, 25}, {1, 1, 1, 26}, {2, 2, 1, 26}, {3, 3, 1, 26}, {1, 4, 1, 27}, {2, 5, 1, 27}, {3, 6, 1, 27}, {1, 5, 1, 28}, {2, 7, 1, 28}, {3, 8, 1, 28}, {1, 6, 1, 29}, {2, 8, 1, 29}, {3, 9, 1, 29}, {4, 4, 1, 30}, {5, 5, 2, 30}, {6, 6, 2, 30}, {7, 7, 1, 30}, {8, 8, 2, 30}, {9, 9, 1, 30}, {10, 10, 1, 31}, {11, 11, 3, 31}, {12, 12, 3, 31}, {13, 13, 3, 31}, {14, 14, 6, 31}, {15, 15, 3, 31}, {16, 16, 1, 31}, {17, 17, 3, 31}, {18, 18, 3, 31}, {19, 19, 1, 31}, {0, 20, 1, 32}, {1, 21, 1, 33}, {2, 22, 1, 33}, {3, 23, 1, 33}, {0, 25, 1, 34}, {0, 26, 1, 35}, {0, 30, 1, 36}, {1, 27, 1, 37}, {2, 28, 1, 37}, {3, 29, 1, 37}, {0, 32, 1, 38}, {0, 34, 1, 39}, {0, 35, 1, 40}}
alpha_scalar_moments = 16
alpha_moment_mapping = {0, 20, 24, 25, 26, 30, 31, 32, 33, 34, 35, 36, 37, 38, 39, 40}
species_coeffs = {1.203974521202378e+01}
moment_coeffs = {7.634717570844867e+01, -2.472672824738454e+00, 1.568590931069721e+00, 1.292053791351340e+02, 6.164241357004481e+01, -1.407985667585151e+01, -4.388984215383858e+00, -5.328918685269709e+00, -7.864913715792620e-01, 8.708659997972671e+01, 8.237540746419353e+01, -1.444682971841536e+01, 6.056026710111031e+00, -2.182197407370982e+00, 1.935086605281819e+01, 3.180539981940192e+01}