MTP
version = 1.1.0
potential_name = MTP1m
scaling = 2.608405330458885e-02
species_count = 1
potential_tag = 
radial_basis_type = RBChebyshev
	min_dist = 2.000000000000000e+00
	max_dist = 5.000000000000000e+00
	radial_basis_size = 8
	radial_funcs_count = 3
	radial_coeffs
		0-0
			{-6.626568673656527e-01, 6.707151840831609e-02, -7.757764571278403e-02, 3.512916938243510e-01, 5.099800474445860e-01, 3.643577959619356e-01, 1.797550518716969e-01, 4.260294055584651e-02}
			{-1.117646867027074e-01, -8.209274990016245e-01, 3.799078960467339e-01, -3.201187756577057e-01, 2.342455630157539e-01, -2.475426723148058e-02, 8.468191908756235e-02, -6.423293876860676e-02}
			{-2.731732138029772e-02, 3.440654153997306e-02, 8.823460824333716e-02, 1.559475273316298e-01, -2.550349424369631e-01, -7.701106582031121e-02, 6.600534860210461e-01, -6.777321337726422e-01}
alpha_moments_count = 41
alpha_index_basic_count = 25
alpha_index_basic = {{0, 0, 0, 0}, {0, 1, 0, 0}, {0, 0, 1, 0}, {0, 0, 0, 1}, {0, 2, 0, 0}, {0, 1, 1, 0}, {0, 1, 0, 1}, {0, 0, 2, 0}, {0, 0, 1, 1}, {0, 0, 0, 2}, {0, 3, 0, 0}, {0, 2, 1, 0}, {0, 2, 0, 1}, {0, 1, 2, 0}, {0, 1, 1, 1}, {0, 1, 0, 2}, {0, 0, 3, 0}, {0, 0, 2, 1}, {0, 0, 1, 2}, {0, 0, 0, 3}, {1, 0, 0, 0}, {1, 1, 0, 0}, {1, 0, 1, 0}, {1, 0, 0, 1}, {2, 0, 0, 0}}
alpha_index_times_count = 42
alpha_index_times = {{0, 0, 1, 25}, {1, 1, 1, 26}, {2, 2, 1, 26}, {3, 3, 1, 26}, {1, 4, 1, 27}, {2, 5, 1, 27}, {3, 6, 1, 27}, {1, 5, 1, 28}, {2, 7, 1, 28}, {3, 8, 1, 28}, {1, 6, 1, 29}, {2, 8, 1, 29}, {3, 9, 1, 29}, {4, 4, 1, 30}, {5, 5, 2, 30}, {6, 6, 2, 30}, {7, 7, 1, 30}, {8, 8, 2, 30}, {9, 9, 1, 30}, {10, 10, 1, 31}, {11, 11, 3, 31}, {12, 12, 3, 31}, {13, 13, 3, 31}, {14, 14, 6, 31}, {15, 15, 3, 31}, {16, 16, 1, 31}, {17, 17, 3, 31}, {18, 18, 3, 31}, {19, 19, 1, 31}, {0, 20, 1, 32}, {1, 21, 1, 33}, {2, 22, 1, 33}, {3, 23, 1, 33}, {0, 25, 1, 34}, {0, 26, 1, 35}, {0, 30, 1, 36}, {1, 27, 1, 37}, {2, 28, 1, 37}, {3, 29, 1, 37}, {0, 32, 1, 38}, {0, 34, 1, 39}, {0, 35, 1, 40}}
alpha_scalar_moments = 16
alpha_moment_mapping = {0, 20, 24, 25, 26, 30, 31, 32, 33, 34, 35, 36, 37, 38, 39, 40}
species_coeffs = {-7.629715431675896e+00}
moment_coeffs = {-1.768920784852043e+01, 4.905060824084607e+00, -2.269552904948132e-01, -2.490745086996201e+01, 1.575978919991060e+01, -1.837881467388600e+00, -4.433555648844443e+00, 8.785675362444245e+00, 3.093935547218030e+00, -1.786569148870938e+01, 2.786878601284873e+01, 3.158754833273458e-01, 7.654100510038194e+00, 6.985865361209081e+00, -4.345097840617058e+00, 1.840715884061414e+01}