MTP
version = 1.1.0
potential_name = MTP1m
scaling = 1.247515558262017e-02
species_count = 1
potential_tag = 
radial_basis_type = RBChebyshev
	min_dist = 2.000000000000000e+00
	max_dist = 5.000000000000000e+00
	radial_basis_size = 8
	radial_funcs_count = 3
	radial_coeffs
		0-0
			{3.903187363607879e-01, 6.675306016927988e-02, 4.026250927225205e-01, 5.903705792579902e-01, -2.420238219325091e-01, -2.245014627005231e-01, -4.715085176117653e-01, -3.541478141374911e-02}
			{-6.674072034310597e-01, -8.084260269926917e-02, 6.046031570664402e-01, -2.148797837239609e-01, -8.780903095928533e-02, -6.864106355363835e-02, -2.570121391774318e-01, 2.404922813747551e-01}
			{5.028497456079881e-02, 2.265109214186306e-01, 4.302430729035431e-02, -7.006990990020852e-02, -8.440727005462015e-01, 2.151779062725952e-02, 4.304728931522458e-01, 2.029154722059503e-01}
alpha_moments_count = 41
alpha_index_basic_count = 25
alpha_index_basic = {{0, 0, 0, 0}, {0, 1, 0, 0}, {0, 0, 1, 0}, {0, 0, 0, 1}, {0, 2, 0, 0}, {0, 1, 1, 0}, {0, 1, 0, 1}, {0, 0, 2, 0}, {0, 0, 1, 1}, {0, 0, 0, 2}, {0, 3, 0, 0}, {0, 2, 1, 0}, {0, 2, 0, 1}, {0, 1, 2, 0}, {0, 1, 1, 1}, {0, 1, 0, 2}, {0, 0, 3, 0}, {0, 0, 2, 1}, {0, 0, 1, 2}, {0, 0, 0, 3}, {1, 0, 0, 0}, {1, 1, 0, 0}, {1, 0, 1, 0}, {1, 0, 0, 1}, {2, 0, 0, 0}}
alpha_index_times_count = 42
alpha_index_times = {{0, 0, 1, 25}, {1, 1, 1, 26}, {2, 2, 1, 26}, {3, 3, 1, 26}, {1, 4, 1, 27}, {2, 5, 1, 27}, {3, 6, 1, 27}, {1, 5, 1, 28}, {2, 7, 1, 28}, {3, 8, 1, 28}, {1, 6, 1, 29}, {2, 8, 1, 29}, {3, 9, 1, 29}, {4, 4, 1, 30}, {5, 5, 2, 30}, {6, 6, 2, 30}, {7, 7, 1, 30}, {8, 8, 2, 30}, {9, 9, 1, 30}, {10, 10, 1, 31}, {11, 11, 3, 31}, {12, 12, 3, 31}, {13, 13, 3, 31}, {14, 14, 6, 31}, {15, 15, 3, 31}, {16, 16, 1, 31}, {17, 17, 3, 31}, {18, 18, 3, 31}, {19, 19, 1, 31}, {0, 20, 1, 32}, {1, 21, 1, 33}, {2, 22, 1, 33}, {3, 23, 1, 33}, {0, 25, 1, 34}, {0, 26, 1, 35}, {0, 30, 1, 36}, {1, 27, 1, 37}, {2, 28, 1, 37}, {3, 29, 1, 37}, {0, 32, 1, 38}, {0, 34, 1, 39}, {0, 35, 1, 40}}
alpha_scalar_moments = 16
alpha_moment_mapping = {0, 20, 24, 25, 26, 30, 31, 32, 33, 34, 35, 36, 37, 38, 39, 40}
species_coeffs = {-5.140782939812498e+00}
moment_coeffs = {6.569924419204426e+01, 2.143504027958874e+01, 1.217475927432132e+00, -3.675758956442804e+02, -3.824346075718011e+02, 4.726047968351408e+01, -4.008505269588115e+01, -1.554552181019788e+02, -7.953273100894526e+00, 2.678681775399704e+02, 8.525044020818315e+02, -4.618760905254170e+01, 8.372652817738312e+02, 2.979282906901184e+02, 9.796870880016221e+02, 4.665875279887272e+02}