MTP
version = 1.1.0
potential_name = MTP1m
scaling = 4.507324411032954e-02
species_count = 1
potential_tag = 
radial_basis_type = RBChebyshev
	min_dist = 2.000000000000000e+00
	max_dist = 5.000000000000000e+00
	radial_basis_size = 8
	radial_funcs_count = 3
	radial_coeffs
		0-0
			{-6.661873007448545e-01, -5.363419232647079e-01, 1.720100216235718e-01, -3.513723588333720e-01, -1.123110180187357e-01, -3.099724674253601e-01, -5.326022667414552e-02, -6.283702498032157e-02}
			{4.980268898047077e-01, -5.418951099017235e-01, 1.079498494168069e-01, -2.119192037389337e-01, -1.401615023210486e-01, 1.140668838835589e-01, -1.008157701004292e-01, 5.991123992714992e-01}
			{-3.955752168623893e-01, 3.898124844047482e-01, -2.852868693179496e-01, 7.127589294104614e-02, -4.023460260042809e-01, -4.153308289226657e-02, -5.976035619177748e-02, 6.617544873278532e-01}
alpha_moments_count = 41
alpha_index_basic_count = 25
alpha_index_basic = {{0, 0, 0, 0}, {0, 1, 0, 0}, {0, 0, 1, 0}, {0, 0, 0, 1}, {0, 2, 0, 0}, {0, 1, 1, 0}, {0, 1, 0, 1}, {0, 0, 2, 0}, {0, 0, 1, 1}, {0, 0, 0, 2}, {0, 3, 0, 0}, {0, 2, 1, 0}, {0, 2, 0, 1}, {0, 1, 2, 0}, {0, 1, 1, 1}, {0, 1, 0, 2}, {0, 0, 3, 0}, {0, 0, 2, 1}, {0, 0, 1, 2}, {0, 0, 0, 3}, {1, 0, 0, 0}, {1, 1, 0, 0}, {1, 0, 1, 0}, {1, 0, 0, 1}, {2, 0, 0, 0}}
alpha_index_times_count = 42
alpha_index_times = {{0, 0, 1, 25}, {1, 1, 1, 26}, {2, 2, 1, 26}, {3, 3, 1, 26}, {1, 4, 1, 27}, {2, 5, 1, 27}, {3, 6, 1, 27}, {1, 5, 1, 28}, {2, 7, 1, 28}, {3, 8, 1, 28}, {1, 6, 1, 29}, {2, 8, 1, 29}, {3, 9, 1, 29}, {4, 4, 1, 30}, {5, 5, 2, 30}, {6, 6, 2, 30}, {7, 7, 1, 30}, {8, 8, 2, 30}, {9, 9, 1, 30}, {10, 10, 1, 31}, {11, 11, 3, 31}, {12, 12, 3, 31}, {13, 13, 3, 31}, {14, 14, 6, 31}, {15, 15, 3, 31}, {16, 16, 1, 31}, {17, 17, 3, 31}, {18, 18, 3, 31}, {19, 19, 1, 31}, {0, 20, 1, 32}, {1, 21, 1, 33}, {2, 22, 1, 33}, {3, 23, 1, 33}, {0, 25, 1, 34}, {0, 26, 1, 35}, {0, 30, 1, 36}, {1, 27, 1, 37}, {2, 28, 1, 37}, {3, 29, 1, 37}, {0, 32, 1, 38}, {0, 34, 1, 39}, {0, 35, 1, 40}}
alpha_scalar_moments = 16
alpha_moment_mapping = {0, 20, 24, 25, 26, 30, 31, 32, 33, 34, 35, 36, 37, 38, 39, 40}
species_coeffs = {-3.691974557008088e+01}
moment_coeffs = {-3.193491843282612e+01, -7.437205043619586e+00, -4.922430434937657e-01, 1.114216839353377e+01, -1.127631974169989e+01, -2.960655648581617e+01, -1.866835660578714e+00, -8.450542454248341e+00, -3.884246221773877e-01, 1.444456146208386e+01, -1.453095994036555e+01, -1.676714398395560e+01, -1.108056052576018e+01, -2.217486357426674e+00, 2.132540415443748e+00, -5.374981092931571e+00}