MTP
version = 1.1.0
potential_name = MTP1m
scaling = 2.371277573144441e-02
species_count = 1
potential_tag = 
radial_basis_type = RBChebyshev
	min_dist = 2.000000000000000e+00
	max_dist = 5.000000000000000e+00
	radial_basis_size = 8
	radial_funcs_count = 3
	radial_coeffs
		0-0
			{4.078483784404769e-03, 6.791427267250018e-01, -1.263445969877598e-01, 2.463651959110009e-02, 6.234816372889662e-01, 1.942823280087279e-01, 1.504524870284514e-02, 3.089939677395603e-01}
			{6.320457094433590e-01, 3.010064547996038e-01, -5.093792281986780e-01, 1.724462164307838e-02, -1.873489972437440e-01, -1.271008850538801e-01, 1.260921502139303e-01, -4.277794377386939e-01}
			{-5.538531176922624e-01, 2.680785409254002e-01, -6.315698659780461e-02, 6.264176716094537e-01, -5.974488030039671e-02, -1.951996808466224e-01, 8.932788745887581e-02, -4.187372413035977e-01}
alpha_moments_count = 41
alpha_index_basic_count = 25
alpha_index_basic = {{0, 0, 0, 0}, {0, 1, 0, 0}, {0, 0, 1, 0}, {0, 0, 0, 1}, {0, 2, 0, 0}, {0, 1, 1, 0}, {0, 1, 0, 1}, {0, 0, 2, 0}, {0, 0, 1, 1}, {0, 0, 0, 2}, {0, 3, 0, 0}, {0, 2, 1, 0}, {0, 2, 0, 1}, {0, 1, 2, 0}, {0, 1, 1, 1}, {0, 1, 0, 2}, {0, 0, 3, 0}, {0, 0, 2, 1}, {0, 0, 1, 2}, {0, 0, 0, 3}, {1, 0, 0, 0}, {1, 1, 0, 0}, {1, 0, 1, 0}, {1, 0, 0, 1}, {2, 0, 0, 0}}
alpha_index_times_count = 42
alpha_index_times = {{0, 0, 1, 25}, {1, 1, 1, 26}, {2, 2, 1, 26}, {3, 3, 1, 26}, {1, 4, 1, 27}, {2, 5, 1, 27}, {3, 6, 1, 27}, {1, 5, 1, 28}, {2, 7, 1, 28}, {3, 8, 1, 28}, {1, 6, 1, 29}, {2, 8, 1, 29}, {3, 9, 1, 29}, {4, 4, 1, 30}, {5, 5, 2, 30}, {6, 6, 2, 30}, {7, 7, 1, 30}, {8, 8, 2, 30}, {9, 9, 1, 30}, {10, 10, 1, 31}, {11, 11, 3, 31}, {12, 12, 3, 31}, {13, 13, 3, 31}, {14, 14, 6, 31}, {15, 15, 3, 31}, {16, 16, 1, 31}, {17, 17, 3, 31}, {18, 18, 3, 31}, {19, 19, 1, 31}, {0, 20, 1, 32}, {1, 21, 1, 33}, {2, 22, 1, 33}, {3, 23, 1, 33}, {0, 25, 1, 34}, {0, 26, 1, 35}, {0, 30, 1, 36}, {1, 27, 1, 37}, {2, 28, 1, 37}, {3, 29, 1, 37}, {0, 32, 1, 38}, {0, 34, 1, 39}, {0, 35, 1, 40}}
alpha_scalar_moments = 16
alpha_moment_mapping = {0, 20, 24, 25, 26, 30, 31, 32, 33, 34, 35, 36, 37, 38, 39, 40}
species_coeffs = {5.995924599341818e+00}
moment_coeffs = {1.624569943389570e+01, -9.286694921481553e+00, 1.040322149437855e+00, -9.725207085107016e+00, -7.556669446014330e-01, 1.579156560177603e+00, 1.507870937767574e+00, -2.673858955694401e+01, -8.319761735605213e-01, -5.442334213953241e+01, 4.815783900750853e+00, 2.343682327111392e+00, -1.423812161717718e+00, -2.973644642939344e+01, -1.511670502667300e+01, 2.963810119589299e+00}