MTP
version = 1.1.0
potential_name = MTP1m
scaling = 1.497018669914420e-02
species_count = 1
potential_tag = 
radial_basis_type = RBChebyshev
	min_dist = 2.000000000000000e+00
	max_dist = 5.000000000000000e+00
	radial_basis_size = 8
	radial_funcs_count = 3
	radial_coeffs
		0-0
			{-2.209609715045740e-01, -6.457206189113974e-01, 3.071110107354437e-01, -4.565389227483883e-01, -3.718227916376947e-01, 2.769566187387898e-01, -1.205357379294657e-01, 4.461108071499226e-02}
			{5.073149285818102e-01, -1.910558415223605e-02, 3.678654991339853e-01, -1.736379514344676e-01, 2.911000484291157e-01, 3.383224160277513e-01, 6.030637301879487e-01, -1.179161456726295e-01}
			{9.202170586656312e-02, 7.080119798453139e-01, 2.341184920171420e-01, -4.222234181090626e-01, -2.494285781025203e-01, 2.733694659362427e-01, -3.344172701549584e-01, 9.157820200484271e-02}
alpha_moments_count = 41
alpha_index_basic_count = 25
alpha_index_basic = {{0, 0, 0, 0}, {0, 1, 0, 0}, {0, 0, 1, 0}, {0, 0, 0, 1}, {0, 2, 0, 0}, {0, 1, 1, 0}, {0, 1, 0, 1}, {0, 0, 2, 0}, {0, 0, 1, 1}, {0, 0, 0, 2}, {0, 3, 0, 0}, {0, 2, 1, 0}, {0, 2, 0, 1}, {0, 1, 2, 0}, {0, 1, 1, 1}, {0, 1, 0, 2}, {0, 0, 3, 0}, {0, 0, 2, 1}, {0, 0, 1, 2}, {0, 0, 0, 3}, {1, 0, 0, 0}, {1, 1, 0, 0}, {1, 0, 1, 0}, {1, 0, 0, 1}, {2, 0, 0, 0}}
alpha_index_times_count = 42
alpha_index_times = {{0, 0, 1, 25}, {1, 1, 1, 26}, {2, 2, 1, 26}, {3, 3, 1, 26}, {1, 4, 1, 27}, {2, 5, 1, 27}, {3, 6, 1, 27}, {1, 5, 1, 28}, {2, 7, 1, 28}, {3, 8, 1, 28}, {1, 6, 1, 29}, {2, 8, 1, 29}, {3, 9, 1, 29}, {4, 4, 1, 30}, {5, 5, 2, 30}, {6, 6, 2, 30}, {7, 7, 1, 30}, {8, 8, 2, 30}, {9, 9, 1, 30}, {10, 10, 1, 31}, {11, 11, 3, 31}, {12, 12, 3, 31}, {13, 13, 3, 31}, {14, 14, 6, 31}, {15, 15, 3, 31}, {16, 16, 1, 31}, {17, 17, 3, 31}, {18, 18, 3, 31}, {19, 19, 1, 31}, {0, 20, 1, 32}, {1, 21, 1, 33}, {2, 22, 1, 33}, {3, 23, 1, 33}, {0, 25, 1, 34}, {0, 26, 1, 35}, {0, 30, 1, 36}, {1, 27, 1, 37}, {2, 28, 1, 37}, {3, 29, 1, 37}, {0, 32, 1, 38}, {0, 34, 1, 39}, {0, 35, 1, 40}}
alpha_scalar_moments = 16
alpha_moment_mapping = {0, 20, 24, 25, 26, 30, 31, 32, 33, 34, 35, 36, 37, 38, 39, 40}
species_coeffs = {-4.100416543074340e+00}
moment_coeffs = {-5.275132389420802e+00, 3.439939821183174e-01, -6.838397182954125e-01, -1.670619031686403e+01, -7.007919398470213e-01, -7.926060381809384e-01, 1.872185386282753e+00, 3.974915380264239e+00, -2.466023346149585e-01, -1.874752280217790e+01, -3.435509761929975e+00, -1.512045515812417e+00, 1.497861878377044e+01, 3.560416200089019e+00, -8.430803524600639e+00, 1.580302895568938e+00}