MTP
version = 1.1.0
potential_name = MTP1m
scaling = 1.992531849656093e-02
species_count = 1
potential_tag = 
radial_basis_type = RBChebyshev
	min_dist = 2.000000000000000e+00
	max_dist = 5.000000000000000e+00
	radial_basis_size = 8
	radial_funcs_count = 3
	radial_coeffs
		0-0
			{-3.345839652059264e-01, -7.177869197929921e-01, 3.236166742847740e-01, -4.161288409012016e-01, 2.663320926769197e-01, 8.882671809487511e-02, 1.249365787699403e-01, 2.263680508247628e-02}
			{-5.882617915559341e-01, 2.886250739899947e-01, -3.798081218151727e-01, 1.351617943163043e-01, 5.114128716420315e-01, 2.410880328657491e-01, 2.755048591579159e-01, -1.120322191525823e-01}
			{6.127604070087174e-01, -1.397797788733365e-01, -1.108559383651902e-01, 4.382373232024945e-02, 6.788879546641970e-01, 5.719311344250232e-02, -1.591770056070845e-01, -3.182444207019298e-01}
alpha_moments_count = 41
alpha_index_basic_count = 25
alpha_index_basic = {{0, 0, 0, 0}, {0, 1, 0, 0}, {0, 0, 1, 0}, {0, 0, 0, 1}, {0, 2, 0, 0}, {0, 1, 1, 0}, {0, 1, 0, 1}, {0, 0, 2, 0}, {0, 0, 1, 1}, {0, 0, 0, 2}, {0, 3, 0, 0}, {0, 2, 1, 0}, {0, 2, 0, 1}, {0, 1, 2, 0}, {0, 1, 1, 1}, {0, 1, 0, 2}, {0, 0, 3, 0}, {0, 0, 2, 1}, {0, 0, 1, 2}, {0, 0, 0, 3}, {1, 0, 0, 0}, {1, 1, 0, 0}, {1, 0, 1, 0}, {1, 0, 0, 1}, {2, 0, 0, 0}}
alpha_index_times_count = 42
alpha_index_times = {{0, 0, 1, 25}, {1, 1, 1, 26}, {2, 2, 1, 26}, {3, 3, 1, 26}, {1, 4, 1, 27}, {2, 5, 1, 27}, {3, 6, 1, 27}, {1, 5, 1, 28}, {2, 7, 1, 28}, {3, 8, 1, 28}, {1, 6, 1, 29}, {2, 8, 1, 29}, {3, 9, 1, 29}, {4, 4, 1, 30}, {5, 5, 2, 30}, {6, 6, 2, 30}, {7, 7, 1, 30}, {8, 8, 2, 30}, {9, 9, 1, 30}, {10, 10, 1, 31}, {11, 11, 3, 31}, {12, 12, 3, 31}, {13, 13, 3, 31}, {14, 14, 6, 31}, {15, 15, 3, 31}, {16, 16, 1, 31}, {17, 17, 3, 31}, {18, 18, 3, 31}, {19, 19, 1, 31}, {0, 20, 1, 32}, {1, 21, 1, 33}, {2, 22, 1, 33}, {3, 23, 1, 33}, {0, 25, 1, 34}, {0, 26, 1, 35}, {0, 30, 1, 36}, {1, 27, 1, 37}, {2, 28, 1, 37}, {3, 29, 1, 37}, {0, 32, 1, 38}, {0, 34, 1, 39}, {0, 35, 1, 40}}
alpha_scalar_moments = 16
alpha_moment_mapping = {0, 20, 24, 25, 26, 30, 31, 32, 33, 34, 35, 36, 37, 38, 39, 40}
species_coeffs = {3.892016303643439e+01}
moment_coeffs = {2.502953592461525e+02, -1.412546408883510e+01, 2.434929146099828e-01, 4.992895924194906e+02, -2.057501672943897e+02, 8.530179422409037e+01, -5.749892306297828e+00, -3.108462781043109e+01, 2.365956078920744e+00, 4.498845975267839e+02, -5.384624454908746e+02, 9.878908847016838e+01, -1.433316654036191e+02, -1.778789327327262e+01, 1.625371787213699e+02, -4.037774940827522e+02}