MTP
version = 1.1.0
potential_name = MTP1m
scaling = 2.371277573144441e-02
species_count = 1
potential_tag = 
radial_basis_type = RBChebyshev
	min_dist = 2.000000000000000e+00
	max_dist = 5.000000000000000e+00
	radial_basis_size = 8
	radial_funcs_count = 3
	radial_coeffs
		0-0
			{-9.689670598053716e-02, -7.759619027477213e-01, -3.376436228951483e-02, -5.327216374576919e-01, 2.723816824035858e-01, 1.365407141941006e-01, 1.029127402699384e-01, -1.164466514437715e-02}
			{1.962646990946296e-01, 4.720536251622703e-01, -4.860948047411995e-01, -3.138856051964233e-01, 4.886279655116921e-01, 3.113179217778786e-01, 2.425467373281490e-01, -9.658236291280461e-02}
			{8.212478461073076e-01, 7.044406095609954e-03, 1.907676872798257e-01, -3.353557974994061e-01, -1.514477881247037e-01, -5.360893393370722e-02, -3.825941821509193e-01, -6.676728869145029e-02}
alpha_moments_count = 41
alpha_index_basic_count = 25
alpha_index_basic = {{0, 0, 0, 0}, {0, 1, 0, 0}, {0, 0, 1, 0}, {0, 0, 0, 1}, {0, 2, 0, 0}, {0, 1, 1, 0}, {0, 1, 0, 1}, {0, 0, 2, 0}, {0, 0, 1, 1}, {0, 0, 0, 2}, {0, 3, 0, 0}, {0, 2, 1, 0}, {0, 2, 0, 1}, {0, 1, 2, 0}, {0, 1, 1, 1}, {0, 1, 0, 2}, {0, 0, 3, 0}, {0, 0, 2, 1}, {0, 0, 1, 2}, {0, 0, 0, 3}, {1, 0, 0, 0}, {1, 1, 0, 0}, {1, 0, 1, 0}, {1, 0, 0, 1}, {2, 0, 0, 0}}
alpha_index_times_count = 42
alpha_index_times = {{0, 0, 1, 25}, {1, 1, 1, 26}, {2, 2, 1, 26}, {3, 3, 1, 26}, {1, 4, 1, 27}, {2, 5, 1, 27}, {3, 6, 1, 27}, {1, 5, 1, 28}, {2, 7, 1, 28}, {3, 8, 1, 28}, {1, 6, 1, 29}, {2, 8, 1, 29}, {3, 9, 1, 29}, {4, 4, 1, 30}, {5, 5, 2, 30}, {6, 6, 2, 30}, {7, 7, 1, 30}, {8, 8, 2, 30}, {9, 9, 1, 30}, {10, 10, 1, 31}, {11, 11, 3, 31}, {12, 12, 3, 31}, {13, 13, 3, 31}, {14, 14, 6, 31}, {15, 15, 3, 31}, {16, 16, 1, 31}, {17, 17, 3, 31}, {18, 18, 3, 31}, {19, 19, 1, 31}, {0, 20, 1, 32}, {1, 21, 1, 33}, {2, 22, 1, 33}, {3, 23, 1, 33}, {0, 25, 1, 34}, {0, 26, 1, 35}, {0, 30, 1, 36}, {1, 27, 1, 37}, {2, 28, 1, 37}, {3, 29, 1, 37}, {0, 32, 1, 38}, {0, 34, 1, 39}, {0, 35, 1, 40}}
alpha_scalar_moments = 16
alpha_moment_mapping = {0, 20, 24, 25, 26, 30, 31, 32, 33, 34, 35, 36, 37, 38, 39, 40}
species_coeffs = {-1.154441108781289e+00}
moment_coeffs = {2.062323298173909e+01, -3.022065926304513e+00, 2.753219189827865e-01, 4.760079504554307e+01, -1.374552606337691e+02, 4.931449901734324e+01, -4.715382151808820e+00, -1.048925011106441e+01, -2.851958992366798e-01, 5.554853311193988e+01, -7.779464885541055e+02, 1.084146268333859e+02, -1.129832305906286e+02, -1.073111354664820e+01, 4.827977318285353e+01, -1.154438872615876e+03}