MTP
version = 1.1.0
potential_name = MTP1m
scaling = 1.959733531524331e-02
species_count = 1
potential_tag = 
radial_basis_type = RBChebyshev
	min_dist = 2.000000000000000e+00
	max_dist = 5.000000000000000e+00
	radial_basis_size = 8
	radial_funcs_count = 3
	radial_coeffs
		0-0
			{8.051438762717742e-01, -2.346470696379736e-01, 2.013514531121462e-01, -7.488478901990295e-02, -4.810098691313902e-01, 5.649174032955522e-02, 7.355365531775822e-02, -1.027715912963472e-01}
			{3.289041849074623e-01, 6.446502075059989e-01, -2.111929643897225e-01, -1.574897924359335e-01, 2.609411728655512e-02, -5.237531566811130e-01, -3.239771030283091e-01, 1.639609953817914e-01}
			{1.334922076784024e-01, -2.958447335016737e-01, 5.468531832679813e-01, -4.083476543592118e-01, 5.711098761471995e-01, -1.626708374532874e-01, -2.136267017145810e-01, 1.749138439386700e-01}
alpha_moments_count = 41
alpha_index_basic_count = 25
alpha_index_basic = {{0, 0, 0, 0}, {0, 1, 0, 0}, {0, 0, 1, 0}, {0, 0, 0, 1}, {0, 2, 0, 0}, {0, 1, 1, 0}, {0, 1, 0, 1}, {0, 0, 2, 0}, {0, 0, 1, 1}, {0, 0, 0, 2}, {0, 3, 0, 0}, {0, 2, 1, 0}, {0, 2, 0, 1}, {0, 1, 2, 0}, {0, 1, 1, 1}, {0, 1, 0, 2}, {0, 0, 3, 0}, {0, 0, 2, 1}, {0, 0, 1, 2}, {0, 0, 0, 3}, {1, 0, 0, 0}, {1, 1, 0, 0}, {1, 0, 1, 0}, {1, 0, 0, 1}, {2, 0, 0, 0}}
alpha_index_times_count = 42
alpha_index_times = {{0, 0, 1, 25}, {1, 1, 1, 26}, {2, 2, 1, 26}, {3, 3, 1, 26}, {1, 4, 1, 27}, {2, 5, 1, 27}, {3, 6, 1, 27}, {1, 5, 1, 28}, {2, 7, 1, 28}, {3, 8, 1, 28}, {1, 6, 1, 29}, {2, 8, 1, 29}, {3, 9, 1, 29}, {4, 4, 1, 30}, {5, 5, 2, 30}, {6, 6, 2, 30}, {7, 7, 1, 30}, {8, 8, 2, 30}, {9, 9, 1, 30}, {10, 10, 1, 31}, {11, 11, 3, 31}, {12, 12, 3, 31}, {13, 13, 3, 31}, {14, 14, 6, 31}, {15, 15, 3, 31}, {16, 16, 1, 31}, {17, 17, 3, 31}, {18, 18, 3, 31}, {19, 19, 1, 31}, {0, 20, 1, 32}, {1, 21, 1, 33}, {2, 22, 1, 33}, {3, 23, 1, 33}, {0, 25, 1, 34}, {0, 26, 1, 35}, {0, 30, 1, 36}, {1, 27, 1, 37}, {2, 28, 1, 37}, {3, 29, 1, 37}, {0, 32, 1, 38}, {0, 34, 1, 39}, {0, 35, 1, 40}}
alpha_scalar_moments = 16
alpha_moment_mapping = {0, 20, 24, 25, 26, 30, 31, 32, 33, 34, 35, 36, 37, 38, 39, 40}
species_coeffs = {-3.079018014296630e+00}
moment_coeffs = {-3.828638999084460e+00, 2.175694075436165e-01, 1.443627323056206e+00, 1.075296106329204e+01, 3.117016117294562e+00, -1.838105269499581e+00, -1.121983591791721e+00, -3.269307297298711e-01, 6.668416189079875e-01, -8.050088668470678e+00, -3.550235601948482e+00, 1.214032014125263e+00, -7.105189525057506e-01, -4.518026295830544e-01, 1.883293761358889e+00, 1.947540494441797e+00}