MTP
version = 1.1.0
potential_name = MTP1m
scaling = 1.796422403897303e-02
species_count = 1
potential_tag = 
radial_basis_type = RBChebyshev
	min_dist = 2.000000000000000e+00
	max_dist = 5.000000000000000e+00
	radial_basis_size = 8
	radial_funcs_count = 3
	radial_coeffs
		0-0
			{7.635603690448604e-01, -4.500361497948462e-01, 1.072598211554534e-01, -2.408421067384568e-02, 1.355725798836065e-01, 1.048948079537453e-01, 2.913615456642173e-01, 2.967893394649370e-01}
			{2.489732519536574e-01, 4.016077392324925e-01, -4.889016437172107e-01, 1.060772386945702e-01, 5.791085717762512e-01, 3.344084862407496e-01, 4.910388410553178e-02, -2.771991702601636e-01}
			{-1.320268715223251e-01, 3.247802710116691e-01, 3.574435215535117e-02, 2.750197737648405e-01, 3.598422707165009e-01, -5.002461153571899e-01, 2.688380027037149e-01, 5.900564700627012e-01}
alpha_moments_count = 41
alpha_index_basic_count = 25
alpha_index_basic = {{0, 0, 0, 0}, {0, 1, 0, 0}, {0, 0, 1, 0}, {0, 0, 0, 1}, {0, 2, 0, 0}, {0, 1, 1, 0}, {0, 1, 0, 1}, {0, 0, 2, 0}, {0, 0, 1, 1}, {0, 0, 0, 2}, {0, 3, 0, 0}, {0, 2, 1, 0}, {0, 2, 0, 1}, {0, 1, 2, 0}, {0, 1, 1, 1}, {0, 1, 0, 2}, {0, 0, 3, 0}, {0, 0, 2, 1}, {0, 0, 1, 2}, {0, 0, 0, 3}, {1, 0, 0, 0}, {1, 1, 0, 0}, {1, 0, 1, 0}, {1, 0, 0, 1}, {2, 0, 0, 0}}
alpha_index_times_count = 42
alpha_index_times = {{0, 0, 1, 25}, {1, 1, 1, 26}, {2, 2, 1, 26}, {3, 3, 1, 26}, {1, 4, 1, 27}, {2, 5, 1, 27}, {3, 6, 1, 27}, {1, 5, 1, 28}, {2, 7, 1, 28}, {3, 8, 1, 28}, {1, 6, 1, 29}, {2, 8, 1, 29}, {3, 9, 1, 29}, {4, 4, 1, 30}, {5, 5, 2, 30}, {6, 6, 2, 30}, {7, 7, 1, 30}, {8, 8, 2, 30}, {9, 9, 1, 30}, {10, 10, 1, 31}, {11, 11, 3, 31}, {12, 12, 3, 31}, {13, 13, 3, 31}, {14, 14, 6, 31}, {15, 15, 3, 31}, {16, 16, 1, 31}, {17, 17, 3, 31}, {18, 18, 3, 31}, {19, 19, 1, 31}, {0, 20, 1, 32}, {1, 21, 1, 33}, {2, 22, 1, 33}, {3, 23, 1, 33}, {0, 25, 1, 34}, {0, 26, 1, 35}, {0, 30, 1, 36}, {1, 27, 1, 37}, {2, 28, 1, 37}, {3, 29, 1, 37}, {0, 32, 1, 38}, {0, 34, 1, 39}, {0, 35, 1, 40}}
alpha_scalar_moments = 16
alpha_moment_mapping = {0, 20, 24, 25, 26, 30, 31, 32, 33, 34, 35, 36, 37, 38, 39, 40}
species_coeffs = {-1.380310115690436e+01}
moment_coeffs = {9.103944832568077e+01, -3.498705834374593e+02, -4.189069134610102e-01, -2.091254322318053e+01, -5.692897206726548e+02, -1.986132327032305e+02, -3.127689528705138e+01, 6.378926090170519e+02, -5.834086029881792e+00, -9.090289987328164e+01, 8.812873631741462e+02, 1.636000375760260e+02, -1.879931633282625e+02, -2.924747706415781e+02, 4.404175896436961e+01, -2.499329024939806e+02}