MTP
version = 1.1.0
potential_name = MTP1m
scaling = 6.544635044819849e-02
species_count = 1
potential_tag = 
radial_basis_type = RBChebyshev
	min_dist = 2.000000000000000e+00
	max_dist = 5.000000000000000e+00
	radial_basis_size = 8
	radial_funcs_count = 3
	radial_coeffs
		0-0
			{2.493538152043198e-01, 2.392875022057178e-01, -1.262809637929893e-01, -4.934787671338663e-01, 2.454895586631635e-01, 6.975347090001471e-01, 1.710965271800397e-01, 2.121371599157647e-01}
			{2.858767956707133e-01, 7.449389912017267e-01, -3.248437296922112e-01, 3.236939226289055e-01, 1.925751628527525e-01, -2.446758693685493e-01, 1.660023878042289e-01, -1.689108784579603e-01}
			{4.051872287607663e-01, -2.922778184260390e-02, 8.030556346010301e-02, 4.512814857416400e-01, 3.901274704087394e-02, 1.567090725357118e-01, -5.537657075595657e-01, 5.404894966660134e-01}
alpha_moments_count = 41
alpha_index_basic_count = 25
alpha_index_basic = {{0, 0, 0, 0}, {0, 1, 0, 0}, {0, 0, 1, 0}, {0, 0, 0, 1}, {0, 2, 0, 0}, {0, 1, 1, 0}, {0, 1, 0, 1}, {0, 0, 2, 0}, {0, 0, 1, 1}, {0, 0, 0, 2}, {0, 3, 0, 0}, {0, 2, 1, 0}, {0, 2, 0, 1}, {0, 1, 2, 0}, {0, 1, 1, 1}, {0, 1, 0, 2}, {0, 0, 3, 0}, {0, 0, 2, 1}, {0, 0, 1, 2}, {0, 0, 0, 3}, {1, 0, 0, 0}, {1, 1, 0, 0}, {1, 0, 1, 0}, {1, 0, 0, 1}, {2, 0, 0, 0}}
alpha_index_times_count = 42
alpha_index_times = {{0, 0, 1, 25}, {1, 1, 1, 26}, {2, 2, 1, 26}, {3, 3, 1, 26}, {1, 4, 1, 27}, {2, 5, 1, 27}, {3, 6, 1, 27}, {1, 5, 1, 28}, {2, 7, 1, 28}, {3, 8, 1, 28}, {1, 6, 1, 29}, {2, 8, 1, 29}, {3, 9, 1, 29}, {4, 4, 1, 30}, {5, 5, 2, 30}, {6, 6, 2, 30}, {7, 7, 1, 30}, {8, 8, 2, 30}, {9, 9, 1, 30}, {10, 10, 1, 31}, {11, 11, 3, 31}, {12, 12, 3, 31}, {13, 13, 3, 31}, {14, 14, 6, 31}, {15, 15, 3, 31}, {16, 16, 1, 31}, {17, 17, 3, 31}, {18, 18, 3, 31}, {19, 19, 1, 31}, {0, 20, 1, 32}, {1, 21, 1, 33}, {2, 22, 1, 33}, {3, 23, 1, 33}, {0, 25, 1, 34}, {0, 26, 1, 35}, {0, 30, 1, 36}, {1, 27, 1, 37}, {2, 28, 1, 37}, {3, 29, 1, 37}, {0, 32, 1, 38}, {0, 34, 1, 39}, {0, 35, 1, 40}}
alpha_scalar_moments = 16
alpha_moment_mapping = {0, 20, 24, 25, 26, 30, 31, 32, 33, 34, 35, 36, 37, 38, 39, 40}
species_coeffs = {-2.000502411960120e+00}
moment_coeffs = {3.160748749836501e-01, -8.890889137582910e-01, -1.401589398123291e-02, -1.834717598056875e-01, -2.121195682715812e+00, 2.287690301387273e-01, -7.735757161273556e-02, -4.296992469434205e-01, -1.951095632398269e-01, -7.825863648493869e-02, -2.503783798774398e+00, 3.283718670769425e-02, -1.562801166601558e-01, -8.456928095946925e-02, -5.399100987180238e-03, -7.839744439950352e-01}