MTP
version = 1.1.0
potential_name = MTP1m
scaling = 5.900497410806774e-02
species_count = 1
potential_tag = 
radial_basis_type = RBChebyshev
	min_dist = 2.000000000000000e+00
	max_dist = 5.000000000000000e+00
	radial_basis_size = 8
	radial_funcs_count = 3
	radial_coeffs
		0-0
			{5.704823188237798e-01, 2.470810953979529e-01, -2.073628551319526e-02, -2.445388647362707e-01, -1.478179040756791e-01, 4.608311527436842e-01, 5.091398946339034e-01, 2.446072138976700e-01}
			{2.732050749840088e-01, -2.409148646815824e-01, 3.593708242198670e-01, 6.812618223531380e-01, 3.545297096680130e-01, 2.815408382223302e-01, 1.144336570286231e-01, -2.366481223185375e-01}
			{-1.077170810347697e-01, -4.151175016928398e-01, 5.466853276861197e-01, 3.656882158989847e-02, -6.757718416267432e-01, -3.109257229927927e-02, 8.550461963766388e-02, 2.256700982733928e-01}
alpha_moments_count = 41
alpha_index_basic_count = 25
alpha_index_basic = {{0, 0, 0, 0}, {0, 1, 0, 0}, {0, 0, 1, 0}, {0, 0, 0, 1}, {0, 2, 0, 0}, {0, 1, 1, 0}, {0, 1, 0, 1}, {0, 0, 2, 0}, {0, 0, 1, 1}, {0, 0, 0, 2}, {0, 3, 0, 0}, {0, 2, 1, 0}, {0, 2, 0, 1}, {0, 1, 2, 0}, {0, 1, 1, 1}, {0, 1, 0, 2}, {0, 0, 3, 0}, {0, 0, 2, 1}, {0, 0, 1, 2}, {0, 0, 0, 3}, {1, 0, 0, 0}, {1, 1, 0, 0}, {1, 0, 1, 0}, {1, 0, 0, 1}, {2, 0, 0, 0}}
alpha_index_times_count = 42
alpha_index_times = {{0, 0, 1, 25}, {1, 1, 1, 26}, {2, 2, 1, 26}, {3, 3, 1, 26}, {1, 4, 1, 27}, {2, 5, 1, 27}, {3, 6, 1, 27}, {1, 5, 1, 28}, {2, 7, 1, 28}, {3, 8, 1, 28}, {1, 6, 1, 29}, {2, 8, 1, 29}, {3, 9, 1, 29}, {4, 4, 1, 30}, {5, 5, 2, 30}, {6, 6, 2, 30}, {7, 7, 1, 30}, {8, 8, 2, 30}, {9, 9, 1, 30}, {10, 10, 1, 31}, {11, 11, 3, 31}, {12, 12, 3, 31}, {13, 13, 3, 31}, {14, 14, 6, 31}, {15, 15, 3, 31}, {16, 16, 1, 31}, {17, 17, 3, 31}, {18, 18, 3, 31}, {19, 19, 1, 31}, {0, 20, 1, 32}, {1, 21, 1, 33}, {2, 22, 1, 33}, {3, 23, 1, 33}, {0, 25, 1, 34}, {0, 26, 1, 35}, {0, 30, 1, 36}, {1, 27, 1, 37}, {2, 28, 1, 37}, {3, 29, 1, 37}, {0, 32, 1, 38}, {0, 34, 1, 39}, {0, 35, 1, 40}}
alpha_scalar_moments = 16
alpha_moment_mapping = {0, 20, 24, 25, 26, 30, 31, 32, 33, 34, 35, 36, 37, 38, 39, 40}
species_coeffs = {-1.313348466260872e+01}
moment_coeffs = {2.997944920723685e+01, -3.410454364182571e+01, 3.093403092676682e-02, -7.977392130056955e+00, 1.210824898691895e+02, -6.659483574527638e+00, 2.551279487987689e+00, 4.123119126377868e+01, 2.845504305178048e+00, -1.388463870431035e+01, -1.497514325927971e+02, 5.003632065363192e+00, -1.452470642939710e+00, -1.247435354106910e+01, 5.754651721290784e+00, 4.372624262781786e+01}