MTP
version = 1.1.0
potential_name = MTP1m
scaling = 4.097567646393593e-02
species_count = 1
potential_tag = 
radial_basis_type = RBChebyshev
	min_dist = 2.000000000000000e+00
	max_dist = 5.000000000000000e+00
	radial_basis_size = 8
	radial_funcs_count = 3
	radial_coeffs
		0-0
			{-2.126703882060507e-01, -3.484257357546017e-02, 6.201914595227113e-01, -3.001984913373172e-01, 4.291663899046590e-02, -2.733945255540284e-01, 4.901981539284968e-01, -4.023929484481031e-01}
			{-5.641516416714388e-01, 2.928715167767640e-01, -4.893225345648383e-01, -4.376977590062963e-01, 2.427082006963889e-01, -2.952791922002731e-01, 4.703627198843865e-02, 1.289722647467753e-01}
			{-3.764501114647257e-01, 9.734589395095267e-03, 2.478579795054823e-01, 2.428090883377049e-01, -3.886097884314459e-01, -5.265954181615218e-03, 2.866665021134462e-01, 7.103363553918964e-01}
alpha_moments_count = 41
alpha_index_basic_count = 25
alpha_index_basic = {{0, 0, 0, 0}, {0, 1, 0, 0}, {0, 0, 1, 0}, {0, 0, 0, 1}, {0, 2, 0, 0}, {0, 1, 1, 0}, {0, 1, 0, 1}, {0, 0, 2, 0}, {0, 0, 1, 1}, {0, 0, 0, 2}, {0, 3, 0, 0}, {0, 2, 1, 0}, {0, 2, 0, 1}, {0, 1, 2, 0}, {0, 1, 1, 1}, {0, 1, 0, 2}, {0, 0, 3, 0}, {0, 0, 2, 1}, {0, 0, 1, 2}, {0, 0, 0, 3}, {1, 0, 0, 0}, {1, 1, 0, 0}, {1, 0, 1, 0}, {1, 0, 0, 1}, {2, 0, 0, 0}}
alpha_index_times_count = 42
alpha_index_times = {{0, 0, 1, 25}, {1, 1, 1, 26}, {2, 2, 1, 26}, {3, 3, 1, 26}, {1, 4, 1, 27}, {2, 5, 1, 27}, {3, 6, 1, 27}, {1, 5, 1, 28}, {2, 7, 1, 28}, {3, 8, 1, 28}, {1, 6, 1, 29}, {2, 8, 1, 29}, {3, 9, 1, 29}, {4, 4, 1, 30}, {5, 5, 2, 30}, {6, 6, 2, 30}, {7, 7, 1, 30}, {8, 8, 2, 30}, {9, 9, 1, 30}, {10, 10, 1, 31}, {11, 11, 3, 31}, {12, 12, 3, 31}, {13, 13, 3, 31}, {14, 14, 6, 31}, {15, 15, 3, 31}, {16, 16, 1, 31}, {17, 17, 3, 31}, {18, 18, 3, 31}, {19, 19, 1, 31}, {0, 20, 1, 32}, {1, 21, 1, 33}, {2, 22, 1, 33}, {3, 23, 1, 33}, {0, 25, 1, 34}, {0, 26, 1, 35}, {0, 30, 1, 36}, {1, 27, 1, 37}, {2, 28, 1, 37}, {3, 29, 1, 37}, {0, 32, 1, 38}, {0, 34, 1, 39}, {0, 35, 1, 40}}
alpha_scalar_moments = 16
alpha_moment_mapping = {0, 20, 24, 25, 26, 30, 31, 32, 33, 34, 35, 36, 37, 38, 39, 40}
species_coeffs = {-5.913606246492269e+00}
moment_coeffs = {2.131240511542335e+00, -2.791393940528969e+00, 2.074087526854654e+00, 5.954244356899302e+00, 3.005118984522294e+00, -3.510733010135924e+00, 7.798442923600698e-01, -4.377010438922786e+00, 3.145393879610734e-01, 1.413939268628453e+01, 1.372474678860326e+01, -5.506915581635115e+00, -1.114851924198724e+01, -7.585109544250053e+00, 6.346810563467710e+00, 6.189041635665908e+00}