MTP
version = 1.1.0
potential_name = MTP1m
scaling = 5.408789293239545e-02
species_count = 1
potential_tag = 
radial_basis_type = RBChebyshev
	min_dist = 2.000000000000000e+00
	max_dist = 5.000000000000000e+00
	radial_basis_size = 8
	radial_funcs_count = 3
	radial_coeffs
		0-0
			{2.324287386184030e-02, 7.270893738234246e-02, -1.885580494847843e-01, -7.039326720716119e-01, -4.294296293893266e-01, 3.462680283343928e-01, 3.838940100611013e-01, 1.068263478695776e-01}
			{-5.392299194931324e-01, -4.515127510605025e-01, 4.759419399169871e-01, -1.053802570452553e-01, -9.295403818298115e-02, 4.073555700562821e-01, -2.770915642984584e-01, -1.279955129313891e-01}
			{-1.158122988084400e-01, -2.980723000878704e-01, 3.981976834129831e-01, -2.492048788846524e-01, 2.809304792989648e-01, -5.229084886534058e-01, 5.291686037986120e-01, 2.114268546768439e-01}
alpha_moments_count = 41
alpha_index_basic_count = 25
alpha_index_basic = {{0, 0, 0, 0}, {0, 1, 0, 0}, {0, 0, 1, 0}, {0, 0, 0, 1}, {0, 2, 0, 0}, {0, 1, 1, 0}, {0, 1, 0, 1}, {0, 0, 2, 0}, {0, 0, 1, 1}, {0, 0, 0, 2}, {0, 3, 0, 0}, {0, 2, 1, 0}, {0, 2, 0, 1}, {0, 1, 2, 0}, {0, 1, 1, 1}, {0, 1, 0, 2}, {0, 0, 3, 0}, {0, 0, 2, 1}, {0, 0, 1, 2}, {0, 0, 0, 3}, {1, 0, 0, 0}, {1, 1, 0, 0}, {1, 0, 1, 0}, {1, 0, 0, 1}, {2, 0, 0, 0}}
alpha_index_times_count = 42
alpha_index_times = {{0, 0, 1, 25}, {1, 1, 1, 26}, {2, 2, 1, 26}, {3, 3, 1, 26}, {1, 4, 1, 27}, {2, 5, 1, 27}, {3, 6, 1, 27}, {1, 5, 1, 28}, {2, 7, 1, 28}, {3, 8, 1, 28}, {1, 6, 1, 29}, {2, 8, 1, 29}, {3, 9, 1, 29}, {4, 4, 1, 30}, {5, 5, 2, 30}, {6, 6, 2, 30}, {7, 7, 1, 30}, {8, 8, 2, 30}, {9, 9, 1, 30}, {10, 10, 1, 31}, {11, 11, 3, 31}, {12, 12, 3, 31}, {13, 13, 3, 31}, {14, 14, 6, 31}, {15, 15, 3, 31}, {16, 16, 1, 31}, {17, 17, 3, 31}, {18, 18, 3, 31}, {19, 19, 1, 31}, {0, 20, 1, 32}, {1, 21, 1, 33}, {2, 22, 1, 33}, {3, 23, 1, 33}, {0, 25, 1, 34}, {0, 26, 1, 35}, {0, 30, 1, 36}, {1, 27, 1, 37}, {2, 28, 1, 37}, {3, 29, 1, 37}, {0, 32, 1, 38}, {0, 34, 1, 39}, {0, 35, 1, 40}}
alpha_scalar_moments = 16
alpha_moment_mapping = {0, 20, 24, 25, 26, 30, 31, 32, 33, 34, 35, 36, 37, 38, 39, 40}
species_coeffs = {-2.383356111504695e+01}
moment_coeffs = {-3.843743997573458e+01, -7.192549998463654e+00, 5.021787721139017e-01, 1.049301185801621e+01, 3.420970647913742e+01, -4.972740645051409e+00, 2.456347585389753e-01, -1.850080407601677e+01, 1.198823203985452e+00, 3.109076447992219e+01, 8.715649079620894e+01, -3.835687418986354e+00, -1.201286707970669e+00, -1.041606685752200e+01, 5.824374752622227e+00, 5.046809866942996e+01}