MTP
version = 1.1.0
potential_name = MTP1m
scaling = 2.845533087773329e-02
species_count = 1
potential_tag = 
radial_basis_type = RBChebyshev
	min_dist = 2.000000000000000e+00
	max_dist = 5.000000000000000e+00
	radial_basis_size = 8
	radial_funcs_count = 3
	radial_coeffs
		0-0
			{9.229264413330334e-01, -5.065951494036806e-02, -3.483076583952922e-01, -1.341955427986486e-01, -2.024717154016693e-02, -5.089946491659891e-02, 3.573622487489270e-02, -4.512146693129941e-02}
			{-5.275436305432808e-03, -4.272205154055977e-01, 1.868117401490226e-01, -3.662771708584535e-02, 5.140246251787868e-01, -5.720102485307156e-01, 3.272280016885039e-01, -2.876097694246869e-01}
			{-1.765959911122300e-01, 4.816468020291987e-01, -6.168540619660885e-01, 4.247143596286978e-01, 8.223448001237717e-02, -2.932416958219704e-01, 2.207622091802873e-01, -1.856066736560008e-01}
alpha_moments_count = 41
alpha_index_basic_count = 25
alpha_index_basic = {{0, 0, 0, 0}, {0, 1, 0, 0}, {0, 0, 1, 0}, {0, 0, 0, 1}, {0, 2, 0, 0}, {0, 1, 1, 0}, {0, 1, 0, 1}, {0, 0, 2, 0}, {0, 0, 1, 1}, {0, 0, 0, 2}, {0, 3, 0, 0}, {0, 2, 1, 0}, {0, 2, 0, 1}, {0, 1, 2, 0}, {0, 1, 1, 1}, {0, 1, 0, 2}, {0, 0, 3, 0}, {0, 0, 2, 1}, {0, 0, 1, 2}, {0, 0, 0, 3}, {1, 0, 0, 0}, {1, 1, 0, 0}, {1, 0, 1, 0}, {1, 0, 0, 1}, {2, 0, 0, 0}}
alpha_index_times_count = 42
alpha_index_times = {{0, 0, 1, 25}, {1, 1, 1, 26}, {2, 2, 1, 26}, {3, 3, 1, 26}, {1, 4, 1, 27}, {2, 5, 1, 27}, {3, 6, 1, 27}, {1, 5, 1, 28}, {2, 7, 1, 28}, {3, 8, 1, 28}, {1, 6, 1, 29}, {2, 8, 1, 29}, {3, 9, 1, 29}, {4, 4, 1, 30}, {5, 5, 2, 30}, {6, 6, 2, 30}, {7, 7, 1, 30}, {8, 8, 2, 30}, {9, 9, 1, 30}, {10, 10, 1, 31}, {11, 11, 3, 31}, {12, 12, 3, 31}, {13, 13, 3, 31}, {14, 14, 6, 31}, {15, 15, 3, 31}, {16, 16, 1, 31}, {17, 17, 3, 31}, {18, 18, 3, 31}, {19, 19, 1, 31}, {0, 20, 1, 32}, {1, 21, 1, 33}, {2, 22, 1, 33}, {3, 23, 1, 33}, {0, 25, 1, 34}, {0, 26, 1, 35}, {0, 30, 1, 36}, {1, 27, 1, 37}, {2, 28, 1, 37}, {3, 29, 1, 37}, {0, 32, 1, 38}, {0, 34, 1, 39}, {0, 35, 1, 40}}
alpha_scalar_moments = 16
alpha_moment_mapping = {0, 20, 24, 25, 26, 30, 31, 32, 33, 34, 35, 36, 37, 38, 39, 40}
species_coeffs = {-2.667135330971099e+01}
moment_coeffs = {2.043276683941101e+01, -1.601309374455910e+01, -1.252236543590699e+00, 1.339089471821943e+01, -1.927802792136802e+01, -1.599601055867658e+01, -1.980494395758631e+00, 1.660056950035231e+01, -6.202266408914315e-01, -1.450558964368385e+01, 2.500889272485381e+01, 9.180404500232068e+00, 7.118412791184533e+00, -4.096209010210159e+00, 2.641617009625703e+00, -8.331972789575275e+00}