MTP
version = 1.1.0
potential_name = MTP1m
scaling = 3.130086396550662e-02
species_count = 1
potential_tag = 
radial_basis_type = RBChebyshev
	min_dist = 2.000000000000000e+00
	max_dist = 5.000000000000000e+00
	radial_basis_size = 8
	radial_funcs_count = 3
	radial_coeffs
		0-0
			{-2.170344720848749e-01, -7.614393921013772e-01, 4.488575676321417e-01, -1.645768016682199e-01, -3.062880292020911e-01, -1.747754830618830e-01, -1.410665238519461e-01, 1.699585689085471e-02}
			{1.708895803260483e-01, 4.120529695941789e-01, 2.200120019455076e-01, 3.056670867248145e-01, -6.316787159933017e-01, -4.535683921702170e-01, -2.196332911958000e-01, -7.867898487766173e-02}
			{1.448872851082402e-01, -1.160190791527159e-01, 1.988211142136449e-01, 2.686641344412389e-01, -7.657222199155055e-02, 4.114469071336260e-02, 7.787998336462746e-01, -4.896443840709475e-01}
alpha_moments_count = 41
alpha_index_basic_count = 25
alpha_index_basic = {{0, 0, 0, 0}, {0, 1, 0, 0}, {0, 0, 1, 0}, {0, 0, 0, 1}, {0, 2, 0, 0}, {0, 1, 1, 0}, {0, 1, 0, 1}, {0, 0, 2, 0}, {0, 0, 1, 1}, {0, 0, 0, 2}, {0, 3, 0, 0}, {0, 2, 1, 0}, {0, 2, 0, 1}, {0, 1, 2, 0}, {0, 1, 1, 1}, {0, 1, 0, 2}, {0, 0, 3, 0}, {0, 0, 2, 1}, {0, 0, 1, 2}, {0, 0, 0, 3}, {1, 0, 0, 0}, {1, 1, 0, 0}, {1, 0, 1, 0}, {1, 0, 0, 1}, {2, 0, 0, 0}}
alpha_index_times_count = 42
alpha_index_times = {{0, 0, 1, 25}, {1, 1, 1, 26}, {2, 2, 1, 26}, {3, 3, 1, 26}, {1, 4, 1, 27}, {2, 5, 1, 27}, {3, 6, 1, 27}, {1, 5, 1, 28}, {2, 7, 1, 28}, {3, 8, 1, 28}, {1, 6, 1, 29}, {2, 8, 1, 29}, {3, 9, 1, 29}, {4, 4, 1, 30}, {5, 5, 2, 30}, {6, 6, 2, 30}, {7, 7, 1, 30}, {8, 8, 2, 30}, {9, 9, 1, 30}, {10, 10, 1, 31}, {11, 11, 3, 31}, {12, 12, 3, 31}, {13, 13, 3, 31}, {14, 14, 6, 31}, {15, 15, 3, 31}, {16, 16, 1, 31}, {17, 17, 3, 31}, {18, 18, 3, 31}, {19, 19, 1, 31}, {0, 20, 1, 32}, {1, 21, 1, 33}, {2, 22, 1, 33}, {3, 23, 1, 33}, {0, 25, 1, 34}, {0, 26, 1, 35}, {0, 30, 1, 36}, {1, 27, 1, 37}, {2, 28, 1, 37}, {3, 29, 1, 37}, {0, 32, 1, 38}, {0, 34, 1, 39}, {0, 35, 1, 40}}
alpha_scalar_moments = 16
alpha_moment_mapping = {0, 20, 24, 25, 26, 30, 31, 32, 33, 34, 35, 36, 37, 38, 39, 40}
species_coeffs = {-3.767098434309752e+00}
moment_coeffs = {-5.283418518554236e+00, 8.140434132681927e-01, -3.700089650009493e-02, -1.204055114651320e+01, -1.118398070219736e+00, 1.154466408880670e+00, -2.736158351332985e-01, 5.355549521963042e+00, -7.907095968607959e-01, -8.789474555399744e+00, -3.732955897802273e+00, 3.484096044955725e+00, 7.437544079040507e+00, 5.774390683362159e+00, -2.257211062870225e+00, -5.831068153244028e-01}