MTP
version = 1.1.0
potential_name = MTP1m
scaling = 4.097567646393594e-02
species_count = 1
potential_tag = 
radial_basis_type = RBChebyshev
	min_dist = 2.000000000000000e+00
	max_dist = 5.000000000000000e+00
	radial_basis_size = 8
	radial_funcs_count = 3
	radial_coeffs
		0-0
			{5.553853532205176e-01, 3.873320598031450e-01, -5.931632609166076e-01, -2.890792605436138e-01, 4.519944167994173e-02, -1.753710415435663e-01, 2.651611521573375e-02, 2.694631978447524e-01}
			{3.776808706958826e-01, 4.769409957568366e-02, 2.619411446628820e-01, 3.553436339040435e-01, 1.494934393213762e-01, -3.421088185469223e-01, -7.186331430545460e-01, -6.618039081535032e-02}
			{-4.158843873113481e-01, 3.881397474598431e-01, 1.209638896312696e-01, -5.740336692180725e-02, -5.729135158721850e-01, -2.288693123500725e-01, -2.309638352352136e-01, 4.738195341188521e-01}
alpha_moments_count = 41
alpha_index_basic_count = 25
alpha_index_basic = {{0, 0, 0, 0}, {0, 1, 0, 0}, {0, 0, 1, 0}, {0, 0, 0, 1}, {0, 2, 0, 0}, {0, 1, 1, 0}, {0, 1, 0, 1}, {0, 0, 2, 0}, {0, 0, 1, 1}, {0, 0, 0, 2}, {0, 3, 0, 0}, {0, 2, 1, 0}, {0, 2, 0, 1}, {0, 1, 2, 0}, {0, 1, 1, 1}, {0, 1, 0, 2}, {0, 0, 3, 0}, {0, 0, 2, 1}, {0, 0, 1, 2}, {0, 0, 0, 3}, {1, 0, 0, 0}, {1, 1, 0, 0}, {1, 0, 1, 0}, {1, 0, 0, 1}, {2, 0, 0, 0}}
alpha_index_times_count = 42
alpha_index_times = {{0, 0, 1, 25}, {1, 1, 1, 26}, {2, 2, 1, 26}, {3, 3, 1, 26}, {1, 4, 1, 27}, {2, 5, 1, 27}, {3, 6, 1, 27}, {1, 5, 1, 28}, {2, 7, 1, 28}, {3, 8, 1, 28}, {1, 6, 1, 29}, {2, 8, 1, 29}, {3, 9, 1, 29}, {4, 4, 1, 30}, {5, 5, 2, 30}, {6, 6, 2, 30}, {7, 7, 1, 30}, {8, 8, 2, 30}, {9, 9, 1, 30}, {10, 10, 1, 31}, {11, 11, 3, 31}, {12, 12, 3, 31}, {13, 13, 3, 31}, {14, 14, 6, 31}, {15, 15, 3, 31}, {16, 16, 1, 31}, {17, 17, 3, 31}, {18, 18, 3, 31}, {19, 19, 1, 31}, {0, 20, 1, 32}, {1, 21, 1, 33}, {2, 22, 1, 33}, {3, 23, 1, 33}, {0, 25, 1, 34}, {0, 26, 1, 35}, {0, 30, 1, 36}, {1, 27, 1, 37}, {2, 28, 1, 37}, {3, 29, 1, 37}, {0, 32, 1, 38}, {0, 34, 1, 39}, {0, 35, 1, 40}}
alpha_scalar_moments = 16
alpha_moment_mapping = {0, 20, 24, 25, 26, 30, 31, 32, 33, 34, 35, 36, 37, 38, 39, 40}
species_coeffs = {4.631879087372770e+00}
moment_coeffs = {-5.342217167532546e+00, 4.124178402737159e+00, 1.316212799622731e+00, -1.913022506554639e-02, 1.302718169281801e+01, -3.845356562610193e+00, -8.675216272943698e-01, -6.305154306951107e+00, -3.359739563555666e+00, 2.237917300835685e+00, -1.389926607640907e+01, 1.464497645871486e+00, 3.120564519180330e+00, 2.245420701741389e+00, -8.121498831160155e-01, 3.699614699884539e+00}