MTP
version = 1.1.0
potential_name = MTP1m
scaling = 4.131714043446874e-02
species_count = 1
potential_tag = 
radial_basis_type = RBChebyshev
	min_dist = 2.000000000000000e+00
	max_dist = 5.000000000000000e+00
	radial_basis_size = 8
	radial_funcs_count = 3
	radial_coeffs
		0-0
			{-3.971844732624802e-01, -8.738793255304557e-01, 1.664788993641844e-01, -4.671434758476085e-02, -1.789002440985830e-01, 7.548092120200718e-02, -1.359785053430744e-02, 1.038960791496608e-01}
			{-3.945355946759677e-01, 2.013654166457806e-01, 2.010935399094010e-01, -5.558244310990399e-01, 3.869083377937256e-01, -3.844237598123589e-02, -4.942748831141078e-01, 2.427564304195366e-01}
			{-5.954098863985909e-01, 2.834184196729233e-01, -2.893197776607372e-01, 3.453629626823378e-01, -4.724192099836634e-01, -2.615241610949910e-03, -3.491493874646681e-01, -1.307192098098610e-01}
alpha_moments_count = 41
alpha_index_basic_count = 25
alpha_index_basic = {{0, 0, 0, 0}, {0, 1, 0, 0}, {0, 0, 1, 0}, {0, 0, 0, 1}, {0, 2, 0, 0}, {0, 1, 1, 0}, {0, 1, 0, 1}, {0, 0, 2, 0}, {0, 0, 1, 1}, {0, 0, 0, 2}, {0, 3, 0, 0}, {0, 2, 1, 0}, {0, 2, 0, 1}, {0, 1, 2, 0}, {0, 1, 1, 1}, {0, 1, 0, 2}, {0, 0, 3, 0}, {0, 0, 2, 1}, {0, 0, 1, 2}, {0, 0, 0, 3}, {1, 0, 0, 0}, {1, 1, 0, 0}, {1, 0, 1, 0}, {1, 0, 0, 1}, {2, 0, 0, 0}}
alpha_index_times_count = 42
alpha_index_times = {{0, 0, 1, 25}, {1, 1, 1, 26}, {2, 2, 1, 26}, {3, 3, 1, 26}, {1, 4, 1, 27}, {2, 5, 1, 27}, {3, 6, 1, 27}, {1, 5, 1, 28}, {2, 7, 1, 28}, {3, 8, 1, 28}, {1, 6, 1, 29}, {2, 8, 1, 29}, {3, 9, 1, 29}, {4, 4, 1, 30}, {5, 5, 2, 30}, {6, 6, 2, 30}, {7, 7, 1, 30}, {8, 8, 2, 30}, {9, 9, 1, 30}, {10, 10, 1, 31}, {11, 11, 3, 31}, {12, 12, 3, 31}, {13, 13, 3, 31}, {14, 14, 6, 31}, {15, 15, 3, 31}, {16, 16, 1, 31}, {17, 17, 3, 31}, {18, 18, 3, 31}, {19, 19, 1, 31}, {0, 20, 1, 32}, {1, 21, 1, 33}, {2, 22, 1, 33}, {3, 23, 1, 33}, {0, 25, 1, 34}, {0, 26, 1, 35}, {0, 30, 1, 36}, {1, 27, 1, 37}, {2, 28, 1, 37}, {3, 29, 1, 37}, {0, 32, 1, 38}, {0, 34, 1, 39}, {0, 35, 1, 40}}
alpha_scalar_moments = 16
alpha_moment_mapping = {0, 20, 24, 25, 26, 30, 31, 32, 33, 34, 35, 36, 37, 38, 39, 40}
species_coeffs = {-3.032224748202535e+00}
moment_coeffs = {-3.217576336475917e-01, -1.434267227890178e-01, 2.609508392789412e-01, 2.215722242223958e+00, -5.760574585024869e-01, 5.703975948776812e-01, 9.789639032754879e-01, -9.108015659258641e-01, 1.311797858560005e-01, 7.309618361265763e+00, -5.435443906974412e-01, 6.957944678762981e-01, 7.108618161214395e+00, -9.045522179709720e-01, 3.908988451881142e+00, 1.637164944849172e+00}