MTP
version = 1.1.0
potential_name = MTP1m
scaling = 1.811392590596449e-02
species_count = 1
potential_tag = 
radial_basis_type = RBChebyshev
	min_dist = 2.000000000000000e+00
	max_dist = 5.000000000000000e+00
	radial_basis_size = 8
	radial_funcs_count = 3
	radial_coeffs
		0-0
			{1.046033405850650e-01, -3.113521187305808e-01, -6.145890602267020e-01, -1.814824430738968e-01, 2.315919728852018e-01, 4.297736187623957e-01, 4.706166158012058e-01, -1.471128955899086e-01}
			{1.820840303049187e-01, 5.998642653902844e-01, -1.077614938829502e-01, -6.085453416013390e-01, -2.808385500029127e-01, -2.245369879019928e-01, 2.962042132710027e-01, -8.968951891823593e-02}
			{-4.650869554470894e-01, 5.736174267115370e-01, -2.021962633548626e-03, 1.602707004223382e-01, 1.258984565324106e-01, 5.452031835389399e-01, 8.521062365014886e-02, 3.295581921572391e-01}
alpha_moments_count = 41
alpha_index_basic_count = 25
alpha_index_basic = {{0, 0, 0, 0}, {0, 1, 0, 0}, {0, 0, 1, 0}, {0, 0, 0, 1}, {0, 2, 0, 0}, {0, 1, 1, 0}, {0, 1, 0, 1}, {0, 0, 2, 0}, {0, 0, 1, 1}, {0, 0, 0, 2}, {0, 3, 0, 0}, {0, 2, 1, 0}, {0, 2, 0, 1}, {0, 1, 2, 0}, {0, 1, 1, 1}, {0, 1, 0, 2}, {0, 0, 3, 0}, {0, 0, 2, 1}, {0, 0, 1, 2}, {0, 0, 0, 3}, {1, 0, 0, 0}, {1, 1, 0, 0}, {1, 0, 1, 0}, {1, 0, 0, 1}, {2, 0, 0, 0}}
alpha_index_times_count = 42
alpha_index_times = {{0, 0, 1, 25}, {1, 1, 1, 26}, {2, 2, 1, 26}, {3, 3, 1, 26}, {1, 4, 1, 27}, {2, 5, 1, 27}, {3, 6, 1, 27}, {1, 5, 1, 28}, {2, 7, 1, 28}, {3, 8, 1, 28}, {1, 6, 1, 29}, {2, 8, 1, 29}, {3, 9, 1, 29}, {4, 4, 1, 30}, {5, 5, 2, 30}, {6, 6, 2, 30}, {7, 7, 1, 30}, {8, 8, 2, 30}, {9, 9, 1, 30}, {10, 10, 1, 31}, {11, 11, 3, 31}, {12, 12, 3, 31}, {13, 13, 3, 31}, {14, 14, 6, 31}, {15, 15, 3, 31}, {16, 16, 1, 31}, {17, 17, 3, 31}, {18, 18, 3, 31}, {19, 19, 1, 31}, {0, 20, 1, 32}, {1, 21, 1, 33}, {2, 22, 1, 33}, {3, 23, 1, 33}, {0, 25, 1, 34}, {0, 26, 1, 35}, {0, 30, 1, 36}, {1, 27, 1, 37}, {2, 28, 1, 37}, {3, 29, 1, 37}, {0, 32, 1, 38}, {0, 34, 1, 39}, {0, 35, 1, 40}}
alpha_scalar_moments = 16
alpha_moment_mapping = {0, 20, 24, 25, 26, 30, 31, 32, 33, 34, 35, 36, 37, 38, 39, 40}
species_coeffs = {3.148696373749065e+01}
moment_coeffs = {-2.175149999357272e+02, 5.644940793160511e+01, 3.245824951978191e-01, 4.959821800020876e+02, 1.206897782882827e+02, 4.907108173287414e+01, 1.785904318315738e+01, -1.627504508270668e+02, -2.495842688492339e+01, -5.230667835514515e+02, -3.311133293849692e+02, -5.665493353949117e+01, -2.151255964155596e+01, 1.158925913682761e+02, 2.176882584408142e+02, 2.182973905365578e+02}