MTP
version = 1.1.0
potential_name = MTP1m
scaling = 6.490547151887452e-02
species_count = 1
potential_tag = 
radial_basis_type = RBChebyshev
	min_dist = 2.000000000000000e+00
	max_dist = 5.000000000000000e+00
	radial_basis_size = 8
	radial_funcs_count = 3
	radial_coeffs
		0-0
			{-3.640623513103784e-01, -2.240114973116466e-02, 4.887657982555010e-02, 6.415782568282860e-01, 3.352241570694003e-01, -3.432904885579837e-01, -4.520473986270570e-01, 1.355535567075123e-01}
			{-7.089315981883743e-02, 6.441114769924681e-01, 1.182223271592165e-01, 2.314156126087650e-01, -6.287903404418342e-02, 1.142470134474800e-01, 4.055532035041413e-01, 5.754001268882217e-01}
			{-6.787854070556693e-01, -3.344543155140590e-01, 5.535519461945938e-01, -1.134508934521245e-01, -2.007019449721902e-01, 1.756857746461481e-01, 1.895027729426865e-01, 3.227624141345368e-02}
alpha_moments_count = 41
alpha_index_basic_count = 25
alpha_index_basic = {{0, 0, 0, 0}, {0, 1, 0, 0}, {0, 0, 1, 0}, {0, 0, 0, 1}, {0, 2, 0, 0}, {0, 1, 1, 0}, {0, 1, 0, 1}, {0, 0, 2, 0}, {0, 0, 1, 1}, {0, 0, 0, 2}, {0, 3, 0, 0}, {0, 2, 1, 0}, {0, 2, 0, 1}, {0, 1, 2, 0}, {0, 1, 1, 1}, {0, 1, 0, 2}, {0, 0, 3, 0}, {0, 0, 2, 1}, {0, 0, 1, 2}, {0, 0, 0, 3}, {1, 0, 0, 0}, {1, 1, 0, 0}, {1, 0, 1, 0}, {1, 0, 0, 1}, {2, 0, 0, 0}}
alpha_index_times_count = 42
alpha_index_times = {{0, 0, 1, 25}, {1, 1, 1, 26}, {2, 2, 1, 26}, {3, 3, 1, 26}, {1, 4, 1, 27}, {2, 5, 1, 27}, {3, 6, 1, 27}, {1, 5, 1, 28}, {2, 7, 1, 28}, {3, 8, 1, 28}, {1, 6, 1, 29}, {2, 8, 1, 29}, {3, 9, 1, 29}, {4, 4, 1, 30}, {5, 5, 2, 30}, {6, 6, 2, 30}, {7, 7, 1, 30}, {8, 8, 2, 30}, {9, 9, 1, 30}, {10, 10, 1, 31}, {11, 11, 3, 31}, {12, 12, 3, 31}, {13, 13, 3, 31}, {14, 14, 6, 31}, {15, 15, 3, 31}, {16, 16, 1, 31}, {17, 17, 3, 31}, {18, 18, 3, 31}, {19, 19, 1, 31}, {0, 20, 1, 32}, {1, 21, 1, 33}, {2, 22, 1, 33}, {3, 23, 1, 33}, {0, 25, 1, 34}, {0, 26, 1, 35}, {0, 30, 1, 36}, {1, 27, 1, 37}, {2, 28, 1, 37}, {3, 29, 1, 37}, {0, 32, 1, 38}, {0, 34, 1, 39}, {0, 35, 1, 40}}
alpha_scalar_moments = 16
alpha_moment_mapping = {0, 20, 24, 25, 26, 30, 31, 32, 33, 34, 35, 36, 37, 38, 39, 40}
species_coeffs = {1.046892884716487e+00}
moment_coeffs = {-5.337652527953459e-01, 9.563624319723747e-02, 1.301921115924082e+00, -1.521291440036996e+00, -4.295610161323224e-01, -3.143184446640730e-02, 2.647202882790881e-01, 1.294434657039724e+00, 4.820224581105029e-01, -5.730681999975901e-01, 1.033044399704166e+00, 5.084024435331520e-02, 1.108381398527788e-03, 1.507193877938801e+00, 2.937378690425957e-01, 1.094136117712009e+00}