MTP
version = 1.1.0
potential_name = MTP1m
scaling = 2.391038219587312e-02
species_count = 1
potential_tag = 
radial_basis_type = RBChebyshev
	min_dist = 2.000000000000000e+00
	max_dist = 5.000000000000000e+00
	radial_basis_size = 8
	radial_funcs_count = 3
	radial_coeffs
		0-0
			{6.343045701059181e-01, -5.328677267853783e-01, 2.449496806566401e-01, 6.967375863028379e-02, -2.861674524692729e-02, -4.083214317079124e-01, -2.410811576189071e-01, -1.522809388547029e-01}
			{1.580594634371684e-01, 1.565062457139948e-01, -9.979538776109102e-02, -7.413823049581364e-01, -2.252747459078269e-02, -3.334541185746739e-01, 4.719026615322444e-01, -2.377496592636305e-01}
			{6.377398394867133e-02, 4.174156927281861e-01, -4.194955131400838e-01, 4.525483672088016e-01, -3.766013201111216e-01, -4.865190680782890e-01, -2.452813194188852e-02, -2.485749791467027e-01}
alpha_moments_count = 41
alpha_index_basic_count = 25
alpha_index_basic = {{0, 0, 0, 0}, {0, 1, 0, 0}, {0, 0, 1, 0}, {0, 0, 0, 1}, {0, 2, 0, 0}, {0, 1, 1, 0}, {0, 1, 0, 1}, {0, 0, 2, 0}, {0, 0, 1, 1}, {0, 0, 0, 2}, {0, 3, 0, 0}, {0, 2, 1, 0}, {0, 2, 0, 1}, {0, 1, 2, 0}, {0, 1, 1, 1}, {0, 1, 0, 2}, {0, 0, 3, 0}, {0, 0, 2, 1}, {0, 0, 1, 2}, {0, 0, 0, 3}, {1, 0, 0, 0}, {1, 1, 0, 0}, {1, 0, 1, 0}, {1, 0, 0, 1}, {2, 0, 0, 0}}
alpha_index_times_count = 42
alpha_index_times = {{0, 0, 1, 25}, {1, 1, 1, 26}, {2, 2, 1, 26}, {3, 3, 1, 26}, {1, 4, 1, 27}, {2, 5, 1, 27}, {3, 6, 1, 27}, {1, 5, 1, 28}, {2, 7, 1, 28}, {3, 8, 1, 28}, {1, 6, 1, 29}, {2, 8, 1, 29}, {3, 9, 1, 29}, {4, 4, 1, 30}, {5, 5, 2, 30}, {6, 6, 2, 30}, {7, 7, 1, 30}, {8, 8, 2, 30}, {9, 9, 1, 30}, {10, 10, 1, 31}, {11, 11, 3, 31}, {12, 12, 3, 31}, {13, 13, 3, 31}, {14, 14, 6, 31}, {15, 15, 3, 31}, {16, 16, 1, 31}, {17, 17, 3, 31}, {18, 18, 3, 31}, {19, 19, 1, 31}, {0, 20, 1, 32}, {1, 21, 1, 33}, {2, 22, 1, 33}, {3, 23, 1, 33}, {0, 25, 1, 34}, {0, 26, 1, 35}, {0, 30, 1, 36}, {1, 27, 1, 37}, {2, 28, 1, 37}, {3, 29, 1, 37}, {0, 32, 1, 38}, {0, 34, 1, 39}, {0, 35, 1, 40}}
alpha_scalar_moments = 16
alpha_moment_mapping = {0, 20, 24, 25, 26, 30, 31, 32, 33, 34, 35, 36, 37, 38, 39, 40}
species_coeffs = {1.574561949282098e+01}
moment_coeffs = {-7.769458368023876e+01, 2.246176145435292e+00, -1.250878485130001e+00, 1.160590234449837e+02, 1.180743118431245e+02, -7.374068340693539e-01, -2.132631357893547e+00, -2.826726287875414e+00, -1.023235007425471e+00, -7.448406721347214e+01, -2.032937619028471e+02, 3.076148212191947e+00, -1.408497869916966e+01, 1.235481296584352e+00, 1.710150640936419e+01, 9.456019778897061e+01}