MTP
version = 1.1.0
potential_name = MTP1m
scaling = 2.351680237829196e-02
species_count = 1
potential_tag = 
radial_basis_type = RBChebyshev
	min_dist = 2.000000000000000e+00
	max_dist = 5.000000000000000e+00
	radial_basis_size = 8
	radial_funcs_count = 3
	radial_coeffs
		0-0
			{3.361574520644509e-01, 7.293628379142119e-01, -8.017459025148457e-02, 5.861068358673284e-01, -4.351143986119118e-04, 1.184839552018309e-02, -5.515783939720013e-02, -4.354156945895279e-02}
			{-4.181962422902202e-01, 3.891720024679640e-01, -3.391875955785761e-01, -2.539355644455658e-01, 4.949581258881538e-01, -7.614436727501853e-02, 4.755058903646270e-01, -1.312943103217646e-01}
			{6.553055702030917e-02, -2.529981596852239e-02, -4.326192922333007e-01, -6.596977974806079e-02, 3.927097152941869e-01, 1.612697647978313e-01, -4.741282681262025e-01, 6.312905262994020e-01}
alpha_moments_count = 41
alpha_index_basic_count = 25
alpha_index_basic = {{0, 0, 0, 0}, {0, 1, 0, 0}, {0, 0, 1, 0}, {0, 0, 0, 1}, {0, 2, 0, 0}, {0, 1, 1, 0}, {0, 1, 0, 1}, {0, 0, 2, 0}, {0, 0, 1, 1}, {0, 0, 0, 2}, {0, 3, 0, 0}, {0, 2, 1, 0}, {0, 2, 0, 1}, {0, 1, 2, 0}, {0, 1, 1, 1}, {0, 1, 0, 2}, {0, 0, 3, 0}, {0, 0, 2, 1}, {0, 0, 1, 2}, {0, 0, 0, 3}, {1, 0, 0, 0}, {1, 1, 0, 0}, {1, 0, 1, 0}, {1, 0, 0, 1}, {2, 0, 0, 0}}
alpha_index_times_count = 42
alpha_index_times = {{0, 0, 1, 25}, {1, 1, 1, 26}, {2, 2, 1, 26}, {3, 3, 1, 26}, {1, 4, 1, 27}, {2, 5, 1, 27}, {3, 6, 1, 27}, {1, 5, 1, 28}, {2, 7, 1, 28}, {3, 8, 1, 28}, {1, 6, 1, 29}, {2, 8, 1, 29}, {3, 9, 1, 29}, {4, 4, 1, 30}, {5, 5, 2, 30}, {6, 6, 2, 30}, {7, 7, 1, 30}, {8, 8, 2, 30}, {9, 9, 1, 30}, {10, 10, 1, 31}, {11, 11, 3, 31}, {12, 12, 3, 31}, {13, 13, 3, 31}, {14, 14, 6, 31}, {15, 15, 3, 31}, {16, 16, 1, 31}, {17, 17, 3, 31}, {18, 18, 3, 31}, {19, 19, 1, 31}, {0, 20, 1, 32}, {1, 21, 1, 33}, {2, 22, 1, 33}, {3, 23, 1, 33}, {0, 25, 1, 34}, {0, 26, 1, 35}, {0, 30, 1, 36}, {1, 27, 1, 37}, {2, 28, 1, 37}, {3, 29, 1, 37}, {0, 32, 1, 38}, {0, 34, 1, 39}, {0, 35, 1, 40}}
alpha_scalar_moments = 16
alpha_moment_mapping = {0, 20, 24, 25, 26, 30, 31, 32, 33, 34, 35, 36, 37, 38, 39, 40}
species_coeffs = {3.266325356722975e+01}
moment_coeffs = {-2.081386682232215e+02, -6.056479242871128e+00, 6.135140864831084e-03, 4.097471193407750e+02, -4.556955100767340e+01, 7.679049185718540e+01, -3.914163349323365e+00, 1.247015947741195e+01, -3.690112597196303e-01, -3.693157007143780e+02, 7.861889614986740e+01, -8.498117621191430e+01, 2.203376881978084e+02, -6.689441126077538e+00, 1.342669681615287e+02, -1.098254173620906e+02}