MTP
version = 1.1.0
potential_name = MTP1m
scaling = 1.938066994678150e-01
species_count = 1
potential_tag = 
radial_basis_type = RBChebyshev
	min_dist = 2.000000000000000e+00
	max_dist = 5.000000000000000e+00
	radial_basis_size = 8
	radial_funcs_count = 3
	radial_coeffs
		0-0
			{4.083848796720165e-01, 6.856827416639265e-01, 4.664206479869255e-01, 3.440341269964358e-01, 1.236224370771910e-01, 1.058194454916472e-01, 2.491437211871864e-02, 7.230332055779784e-03}
			{-2.849710109634512e-01, 5.178745994162672e-01, -5.096038394758280e-01, 2.036579426175236e-01, -5.435310279879689e-01, 1.983083331448813e-02, -2.194832522715817e-01, -7.370652770878125e-02}
			{-1.195326450279257e-01, 3.051732468925046e-01, -5.039524829824077e-01, -2.370654137703242e-02, 6.504549441405998e-01, -7.443585761674494e-02, 4.435951346737170e-01, -1.124373398086037e-01}
alpha_moments_count = 41
alpha_index_basic_count = 25
alpha_index_basic = {{0, 0, 0, 0}, {0, 1, 0, 0}, {0, 0, 1, 0}, {0, 0, 0, 1}, {0, 2, 0, 0}, {0, 1, 1, 0}, {0, 1, 0, 1}, {0, 0, 2, 0}, {0, 0, 1, 1}, {0, 0, 0, 2}, {0, 3, 0, 0}, {0, 2, 1, 0}, {0, 2, 0, 1}, {0, 1, 2, 0}, {0, 1, 1, 1}, {0, 1, 0, 2}, {0, 0, 3, 0}, {0, 0, 2, 1}, {0, 0, 1, 2}, {0, 0, 0, 3}, {1, 0, 0, 0}, {1, 1, 0, 0}, {1, 0, 1, 0}, {1, 0, 0, 1}, {2, 0, 0, 0}}
alpha_index_times_count = 42
alpha_index_times = {{0, 0, 1, 25}, {1, 1, 1, 26}, {2, 2, 1, 26}, {3, 3, 1, 26}, {1, 4, 1, 27}, {2, 5, 1, 27}, {3, 6, 1, 27}, {1, 5, 1, 28}, {2, 7, 1, 28}, {3, 8, 1, 28}, {1, 6, 1, 29}, {2, 8, 1, 29}, {3, 9, 1, 29}, {4, 4, 1, 30}, {5, 5, 2, 30}, {6, 6, 2, 30}, {7, 7, 1, 30}, {8, 8, 2, 30}, {9, 9, 1, 30}, {10, 10, 1, 31}, {11, 11, 3, 31}, {12, 12, 3, 31}, {13, 13, 3, 31}, {14, 14, 6, 31}, {15, 15, 3, 31}, {16, 16, 1, 31}, {17, 17, 3, 31}, {18, 18, 3, 31}, {19, 19, 1, 31}, {0, 20, 1, 32}, {1, 21, 1, 33}, {2, 22, 1, 33}, {3, 23, 1, 33}, {0, 25, 1, 34}, {0, 26, 1, 35}, {0, 30, 1, 36}, {1, 27, 1, 37}, {2, 28, 1, 37}, {3, 29, 1, 37}, {0, 32, 1, 38}, {0, 34, 1, 39}, {0, 35, 1, 40}}
alpha_scalar_moments = 16
alpha_moment_mapping = {0, 20, 24, 25, 26, 30, 31, 32, 33, 34, 35, 36, 37, 38, 39, 40}
species_coeffs = {-7.128723402150769e+00}
moment_coeffs = {1.499897243418264e+01, 1.537243040263219e-01, -9.859160345184616e-02, -2.233073227386027e+01, -1.115406832364616e+00, -2.031538097090680e+00, -2.027843283650483e+00, -6.868891147325445e-01, -3.996769986722490e-01, 1.577241068583731e+01, 6.120038142749721e+00, 1.128752009208890e+00, 3.318182983836965e-01, 4.743912154723856e-01, -4.362300859559804e+00, -3.087450841122197e+00}