MTP
version = 1.1.0
potential_name = MTP1m
scaling = 4.018775720164611e-01
species_count = 1
potential_tag = 
radial_basis_type = RBChebyshev
	min_dist = 2.000000000000000e+00
	max_dist = 5.000000000000000e+00
	radial_basis_size = 8
	radial_funcs_count = 3
	radial_coeffs
		0-0
			{-2.276806138440127e-01, -8.240336300008668e-01, -2.476098194183772e-01, -4.143022509519630e-01, -7.962843582637957e-02, -1.624887953674198e-01, -2.254785907403230e-02, -5.405028889848805e-02}
			{6.927843169720829e-01, -2.926582764631773e-01, 5.235233993321902e-01, -1.582182683248743e-01, 3.433564811982822e-01, -5.006905325853334e-02, 1.135324417667329e-01, -4.473314080729075e-02}
			{-5.349675778049339e-01, -2.504574670488158e-01, 6.774682463467159e-01, 2.569339062423514e-01, 6.254226000693712e-02, 2.696975016511842e-01, -1.541465897358403e-01, 1.602904934832708e-01}
alpha_moments_count = 41
alpha_index_basic_count = 25
alpha_index_basic = {{0, 0, 0, 0}, {0, 1, 0, 0}, {0, 0, 1, 0}, {0, 0, 0, 1}, {0, 2, 0, 0}, {0, 1, 1, 0}, {0, 1, 0, 1}, {0, 0, 2, 0}, {0, 0, 1, 1}, {0, 0, 0, 2}, {0, 3, 0, 0}, {0, 2, 1, 0}, {0, 2, 0, 1}, {0, 1, 2, 0}, {0, 1, 1, 1}, {0, 1, 0, 2}, {0, 0, 3, 0}, {0, 0, 2, 1}, {0, 0, 1, 2}, {0, 0, 0, 3}, {1, 0, 0, 0}, {1, 1, 0, 0}, {1, 0, 1, 0}, {1, 0, 0, 1}, {2, 0, 0, 0}}
alpha_index_times_count = 42
alpha_index_times = {{0, 0, 1, 25}, {1, 1, 1, 26}, {2, 2, 1, 26}, {3, 3, 1, 26}, {1, 4, 1, 27}, {2, 5, 1, 27}, {3, 6, 1, 27}, {1, 5, 1, 28}, {2, 7, 1, 28}, {3, 8, 1, 28}, {1, 6, 1, 29}, {2, 8, 1, 29}, {3, 9, 1, 29}, {4, 4, 1, 30}, {5, 5, 2, 30}, {6, 6, 2, 30}, {7, 7, 1, 30}, {8, 8, 2, 30}, {9, 9, 1, 30}, {10, 10, 1, 31}, {11, 11, 3, 31}, {12, 12, 3, 31}, {13, 13, 3, 31}, {14, 14, 6, 31}, {15, 15, 3, 31}, {16, 16, 1, 31}, {17, 17, 3, 31}, {18, 18, 3, 31}, {19, 19, 1, 31}, {0, 20, 1, 32}, {1, 21, 1, 33}, {2, 22, 1, 33}, {3, 23, 1, 33}, {0, 25, 1, 34}, {0, 26, 1, 35}, {0, 30, 1, 36}, {1, 27, 1, 37}, {2, 28, 1, 37}, {3, 29, 1, 37}, {0, 32, 1, 38}, {0, 34, 1, 39}, {0, 35, 1, 40}}
alpha_scalar_moments = 16
alpha_moment_mapping = {0, 20, 24, 25, 26, 30, 31, 32, 33, 34, 35, 36, 37, 38, 39, 40}
species_coeffs = {-2.588185503365809e+00}
moment_coeffs = {1.432308209082086e+00, 1.855647577265156e-02, 5.221027613346186e-02, -2.854822935904211e+00, -9.396569235650177e-01, 5.998037312441941e-01, 5.958202450501967e-01, -1.037911389177390e-01, 1.739877359565327e-01, 4.981757266954771e-01, 3.062665316347646e-01, -6.321140594290789e-01, 1.593922333657807e+00, 3.311171008842306e-01, 6.623966639007942e-01, 2.858727404943479e+00}