MTP
version = 1.1.0
potential_name = MTP1m
scaling = 3.756103675860795e-02
species_count = 1
potential_tag = 
radial_basis_type = RBChebyshev
	min_dist = 2.000000000000000e+00
	max_dist = 5.000000000000000e+00
	radial_basis_size = 8
	radial_funcs_count = 3
	radial_coeffs
		0-0
			{4.264749968846756e-01, 6.036107888009310e-01, -2.740133800543119e-02, 5.026724445902336e-01, -1.833703565453747e-01, -3.510306660717771e-01, -1.806996871313393e-01, -1.041301055832904e-01}
			{4.440923594086305e-01, -3.840447818356472e-01, 7.554923270439250e-01, -7.233200514834662e-02, 6.471470649916651e-02, -2.338252194574896e-01, -1.351311886784015e-01, -4.656545096320399e-02}
			{1.285282626348999e-01, -3.178736153503308e-01, -1.624051753272643e-01, 1.832086992519066e-01, -3.149163784269753e-01, 4.044128138188419e-01, -2.937208983463396e-01, -6.881147910092423e-01}
alpha_moments_count = 41
alpha_index_basic_count = 25
alpha_index_basic = {{0, 0, 0, 0}, {0, 1, 0, 0}, {0, 0, 1, 0}, {0, 0, 0, 1}, {0, 2, 0, 0}, {0, 1, 1, 0}, {0, 1, 0, 1}, {0, 0, 2, 0}, {0, 0, 1, 1}, {0, 0, 0, 2}, {0, 3, 0, 0}, {0, 2, 1, 0}, {0, 2, 0, 1}, {0, 1, 2, 0}, {0, 1, 1, 1}, {0, 1, 0, 2}, {0, 0, 3, 0}, {0, 0, 2, 1}, {0, 0, 1, 2}, {0, 0, 0, 3}, {1, 0, 0, 0}, {1, 1, 0, 0}, {1, 0, 1, 0}, {1, 0, 0, 1}, {2, 0, 0, 0}}
alpha_index_times_count = 42
alpha_index_times = {{0, 0, 1, 25}, {1, 1, 1, 26}, {2, 2, 1, 26}, {3, 3, 1, 26}, {1, 4, 1, 27}, {2, 5, 1, 27}, {3, 6, 1, 27}, {1, 5, 1, 28}, {2, 7, 1, 28}, {3, 8, 1, 28}, {1, 6, 1, 29}, {2, 8, 1, 29}, {3, 9, 1, 29}, {4, 4, 1, 30}, {5, 5, 2, 30}, {6, 6, 2, 30}, {7, 7, 1, 30}, {8, 8, 2, 30}, {9, 9, 1, 30}, {10, 10, 1, 31}, {11, 11, 3, 31}, {12, 12, 3, 31}, {13, 13, 3, 31}, {14, 14, 6, 31}, {15, 15, 3, 31}, {16, 16, 1, 31}, {17, 17, 3, 31}, {18, 18, 3, 31}, {19, 19, 1, 31}, {0, 20, 1, 32}, {1, 21, 1, 33}, {2, 22, 1, 33}, {3, 23, 1, 33}, {0, 25, 1, 34}, {0, 26, 1, 35}, {0, 30, 1, 36}, {1, 27, 1, 37}, {2, 28, 1, 37}, {3, 29, 1, 37}, {0, 32, 1, 38}, {0, 34, 1, 39}, {0, 35, 1, 40}}
alpha_scalar_moments = 16
alpha_moment_mapping = {0, 20, 24, 25, 26, 30, 31, 32, 33, 34, 35, 36, 37, 38, 39, 40}
species_coeffs = {-4.607874858589798e+01}
moment_coeffs = {1.072990907616185e+02, 5.493213358877493e-01, -1.743035770655215e-02, -1.039881957675307e+02, -1.466592820470546e+02, 6.323248140867802e+00, -9.211735772460838e-01, 2.373150623206190e+00, 1.198718255846611e+00, 4.392546891929664e+01, 1.778110747395746e+02, -3.145954134586722e+00, 2.923261526686554e+00, -1.297831186203040e+00, -6.752981857694877e+00, -5.410028600308006e+01}