MTP
version = 1.1.0
potential_name = MTP1m
scaling = 2.371277573144441e-02
species_count = 1
potential_tag = 
radial_basis_type = RBChebyshev
	min_dist = 2.000000000000000e+00
	max_dist = 5.000000000000000e+00
	radial_basis_size = 8
	radial_funcs_count = 3
	radial_coeffs
		0-0
			{-5.771687620927090e-01, 1.961941033156355e-01, 8.672456683699359e-02, 1.178200411963528e-02, 6.445275635407685e-01, 4.025321837396782e-01, -2.077266555611052e-01, -1.121714909275801e-02}
			{-1.471254591181655e-01, 1.136546034514182e-01, -1.447258963929374e-01, 4.956539166855791e-01, 3.583637707515592e-01, -5.859286051651957e-01, 4.522179438799833e-01, 1.502675882415373e-01}
			{4.119319929546315e-01, 2.427014388623580e-01, 4.541157309275891e-01, 2.081453035390486e-01, 8.730506430491573e-02, 4.880308628928852e-01, 4.928243636870649e-01, 1.821821304642295e-01}
alpha_moments_count = 41
alpha_index_basic_count = 25
alpha_index_basic = {{0, 0, 0, 0}, {0, 1, 0, 0}, {0, 0, 1, 0}, {0, 0, 0, 1}, {0, 2, 0, 0}, {0, 1, 1, 0}, {0, 1, 0, 1}, {0, 0, 2, 0}, {0, 0, 1, 1}, {0, 0, 0, 2}, {0, 3, 0, 0}, {0, 2, 1, 0}, {0, 2, 0, 1}, {0, 1, 2, 0}, {0, 1, 1, 1}, {0, 1, 0, 2}, {0, 0, 3, 0}, {0, 0, 2, 1}, {0, 0, 1, 2}, {0, 0, 0, 3}, {1, 0, 0, 0}, {1, 1, 0, 0}, {1, 0, 1, 0}, {1, 0, 0, 1}, {2, 0, 0, 0}}
alpha_index_times_count = 42
alpha_index_times = {{0, 0, 1, 25}, {1, 1, 1, 26}, {2, 2, 1, 26}, {3, 3, 1, 26}, {1, 4, 1, 27}, {2, 5, 1, 27}, {3, 6, 1, 27}, {1, 5, 1, 28}, {2, 7, 1, 28}, {3, 8, 1, 28}, {1, 6, 1, 29}, {2, 8, 1, 29}, {3, 9, 1, 29}, {4, 4, 1, 30}, {5, 5, 2, 30}, {6, 6, 2, 30}, {7, 7, 1, 30}, {8, 8, 2, 30}, {9, 9, 1, 30}, {10, 10, 1, 31}, {11, 11, 3, 31}, {12, 12, 3, 31}, {13, 13, 3, 31}, {14, 14, 6, 31}, {15, 15, 3, 31}, {16, 16, 1, 31}, {17, 17, 3, 31}, {18, 18, 3, 31}, {19, 19, 1, 31}, {0, 20, 1, 32}, {1, 21, 1, 33}, {2, 22, 1, 33}, {3, 23, 1, 33}, {0, 25, 1, 34}, {0, 26, 1, 35}, {0, 30, 1, 36}, {1, 27, 1, 37}, {2, 28, 1, 37}, {3, 29, 1, 37}, {0, 32, 1, 38}, {0, 34, 1, 39}, {0, 35, 1, 40}}
alpha_scalar_moments = 16
alpha_moment_mapping = {0, 20, 24, 25, 26, 30, 31, 32, 33, 34, 35, 36, 37, 38, 39, 40}
species_coeffs = {2.233887529932476e+00}
moment_coeffs = {1.998455032750272e+01, 4.316816513765576e+00, 9.410480048375378e-01, 8.183035609243477e+00, 4.193501649712705e+00, -1.257466041577767e+01, -5.890281892442498e+00, 1.163890047861446e+01, 2.446497873487234e+00, -2.930768152282055e+01, -2.436359832693988e+01, -1.140387204702462e+01, -5.539917921099774e-01, 1.032292767557263e+01, -2.450486139885235e+01, -2.835265883855694e+01}