MTP
version = 1.1.0
potential_name = MTP1m
scaling = 7.853562053783819e-02
species_count = 1
potential_tag = 
radial_basis_type = RBChebyshev
	min_dist = 2.000000000000000e+00
	max_dist = 5.000000000000000e+00
	radial_basis_size = 8
	radial_funcs_count = 3
	radial_coeffs
		0-0
			{6.083015548922972e-01, -6.349888614022603e-01, 2.532557693023603e-01, -2.954749025321998e-02, -3.683202668786528e-01, -1.007811474247456e-02, 1.541023362215234e-01, 4.730652308323145e-02}
			{-3.080563833084377e-01, 2.738172790850906e-01, 1.710296183318154e-01, 4.263823985981777e-02, -8.551811272958829e-01, 2.249245981550614e-01, 1.966653265647234e-03, 1.308682874838381e-01}
			{3.915264438920142e-01, 5.208147207174388e-01, 3.295599303127811e-01, 3.688113298134103e-01, 1.587295083571353e-01, -4.734281352641651e-02, 3.850193919464889e-01, 3.938923634193094e-01}
alpha_moments_count = 41
alpha_index_basic_count = 25
alpha_index_basic = {{0, 0, 0, 0}, {0, 1, 0, 0}, {0, 0, 1, 0}, {0, 0, 0, 1}, {0, 2, 0, 0}, {0, 1, 1, 0}, {0, 1, 0, 1}, {0, 0, 2, 0}, {0, 0, 1, 1}, {0, 0, 0, 2}, {0, 3, 0, 0}, {0, 2, 1, 0}, {0, 2, 0, 1}, {0, 1, 2, 0}, {0, 1, 1, 1}, {0, 1, 0, 2}, {0, 0, 3, 0}, {0, 0, 2, 1}, {0, 0, 1, 2}, {0, 0, 0, 3}, {1, 0, 0, 0}, {1, 1, 0, 0}, {1, 0, 1, 0}, {1, 0, 0, 1}, {2, 0, 0, 0}}
alpha_index_times_count = 42
alpha_index_times = {{0, 0, 1, 25}, {1, 1, 1, 26}, {2, 2, 1, 26}, {3, 3, 1, 26}, {1, 4, 1, 27}, {2, 5, 1, 27}, {3, 6, 1, 27}, {1, 5, 1, 28}, {2, 7, 1, 28}, {3, 8, 1, 28}, {1, 6, 1, 29}, {2, 8, 1, 29}, {3, 9, 1, 29}, {4, 4, 1, 30}, {5, 5, 2, 30}, {6, 6, 2, 30}, {7, 7, 1, 30}, {8, 8, 2, 30}, {9, 9, 1, 30}, {10, 10, 1, 31}, {11, 11, 3, 31}, {12, 12, 3, 31}, {13, 13, 3, 31}, {14, 14, 6, 31}, {15, 15, 3, 31}, {16, 16, 1, 31}, {17, 17, 3, 31}, {18, 18, 3, 31}, {19, 19, 1, 31}, {0, 20, 1, 32}, {1, 21, 1, 33}, {2, 22, 1, 33}, {3, 23, 1, 33}, {0, 25, 1, 34}, {0, 26, 1, 35}, {0, 30, 1, 36}, {1, 27, 1, 37}, {2, 28, 1, 37}, {3, 29, 1, 37}, {0, 32, 1, 38}, {0, 34, 1, 39}, {0, 35, 1, 40}}
alpha_scalar_moments = 16
alpha_moment_mapping = {0, 20, 24, 25, 26, 30, 31, 32, 33, 34, 35, 36, 37, 38, 39, 40}
species_coeffs = {1.251284077723167e+00}
moment_coeffs = {-9.961884848321152e+00, -1.194157590384131e+00, 1.011507796024457e-01, 6.192408850360364e+00, -1.979901543505391e+01, 9.191969991699364e-01, -3.007506735119831e-01, 7.413803519378731e-01, -9.493564822802014e-02, -1.822451088709471e+00, 1.265888894256818e+01, -1.738407114311945e-01, -7.099870080934331e-01, -1.379296298730505e-01, 2.002640518082974e-01, -1.965380065093379e+00}