MTP
version = 1.1.0
potential_name = MTP1m
scaling = 5.408789293239544e-02
species_count = 1
potential_tag = 
radial_basis_type = RBChebyshev
	min_dist = 2.000000000000000e+00
	max_dist = 5.000000000000000e+00
	radial_basis_size = 8
	radial_funcs_count = 3
	radial_coeffs
		0-0
			{3.428512633518838e-01, 7.115808149746163e-01, -5.485687173453980e-01, -2.063043379451202e-01, -1.559698503391039e-02, -7.964258167673854e-02, -1.592528611014619e-01, -2.586418654903162e-02}
			{9.368750039607081e-02, -2.000376337488595e-01, -4.478074531534110e-01, 6.212092818609061e-01, 5.725643545782315e-01, 1.606690672486400e-01, -9.735876154774471e-02, 4.064347216418516e-02}
			{4.538728968663350e-01, 3.194483624185965e-01, 4.907090277697065e-01, 5.798536468942350e-01, -2.722119445751627e-01, 1.768529005741961e-01, -9.514401733562325e-02, -2.231276409018612e-02}
alpha_moments_count = 41
alpha_index_basic_count = 25
alpha_index_basic = {{0, 0, 0, 0}, {0, 1, 0, 0}, {0, 0, 1, 0}, {0, 0, 0, 1}, {0, 2, 0, 0}, {0, 1, 1, 0}, {0, 1, 0, 1}, {0, 0, 2, 0}, {0, 0, 1, 1}, {0, 0, 0, 2}, {0, 3, 0, 0}, {0, 2, 1, 0}, {0, 2, 0, 1}, {0, 1, 2, 0}, {0, 1, 1, 1}, {0, 1, 0, 2}, {0, 0, 3, 0}, {0, 0, 2, 1}, {0, 0, 1, 2}, {0, 0, 0, 3}, {1, 0, 0, 0}, {1, 1, 0, 0}, {1, 0, 1, 0}, {1, 0, 0, 1}, {2, 0, 0, 0}}
alpha_index_times_count = 42
alpha_index_times = {{0, 0, 1, 25}, {1, 1, 1, 26}, {2, 2, 1, 26}, {3, 3, 1, 26}, {1, 4, 1, 27}, {2, 5, 1, 27}, {3, 6, 1, 27}, {1, 5, 1, 28}, {2, 7, 1, 28}, {3, 8, 1, 28}, {1, 6, 1, 29}, {2, 8, 1, 29}, {3, 9, 1, 29}, {4, 4, 1, 30}, {5, 5, 2, 30}, {6, 6, 2, 30}, {7, 7, 1, 30}, {8, 8, 2, 30}, {9, 9, 1, 30}, {10, 10, 1, 31}, {11, 11, 3, 31}, {12, 12, 3, 31}, {13, 13, 3, 31}, {14, 14, 6, 31}, {15, 15, 3, 31}, {16, 16, 1, 31}, {17, 17, 3, 31}, {18, 18, 3, 31}, {19, 19, 1, 31}, {0, 20, 1, 32}, {1, 21, 1, 33}, {2, 22, 1, 33}, {3, 23, 1, 33}, {0, 25, 1, 34}, {0, 26, 1, 35}, {0, 30, 1, 36}, {1, 27, 1, 37}, {2, 28, 1, 37}, {3, 29, 1, 37}, {0, 32, 1, 38}, {0, 34, 1, 39}, {0, 35, 1, 40}}
alpha_scalar_moments = 16
alpha_moment_mapping = {0, 20, 24, 25, 26, 30, 31, 32, 33, 34, 35, 36, 37, 38, 39, 40}
species_coeffs = {-3.912498693472253e+00}
moment_coeffs = {-2.125167688685635e+00, 3.227918908665369e-01, -7.300540526382180e-01, 3.976772814215527e+00, 3.246825014996140e+00, 1.133962595830925e+00, -2.381882804883799e+00, -2.722336655169348e-01, 1.196047868486459e+00, -4.576249562323964e+00, -7.041348386126425e+00, 1.324193699444367e+00, 2.288788511162480e-01, 2.250244380114904e-01, 1.963909464259754e+00, 2.815954012839391e+00}