MTP
version = 1.1.0
potential_name = MTP1m
scaling = 2.155706884676764e-02
species_count = 1
potential_tag = 
radial_basis_type = RBChebyshev
	min_dist = 2.000000000000000e+00
	max_dist = 5.000000000000000e+00
	radial_basis_size = 8
	radial_funcs_count = 3
	radial_coeffs
		0-0
			{4.418974432729242e-01, -4.205073132230854e-01, 2.598084875855755e-01, -3.274346298042436e-01, 9.644014402535975e-04, 4.089726984729487e-01, -2.080047806136538e-01, 4.926061047263735e-01}
			{-8.165249483468001e-03, 5.073041292580255e-01, 3.099599489418934e-01, 2.105890461071509e-01, 5.220644455162786e-01, 3.816680589931615e-01, 3.505857600794393e-01, 2.470238133296940e-01}
			{3.872621595721070e-02, 4.976155813061300e-01, -1.779732577420156e-01, -5.018124095905834e-01, -4.519201015698123e-01, 4.643572439431904e-01, 5.559161797459360e-02, -2.108055538978191e-01}
alpha_moments_count = 41
alpha_index_basic_count = 25
alpha_index_basic = {{0, 0, 0, 0}, {0, 1, 0, 0}, {0, 0, 1, 0}, {0, 0, 0, 1}, {0, 2, 0, 0}, {0, 1, 1, 0}, {0, 1, 0, 1}, {0, 0, 2, 0}, {0, 0, 1, 1}, {0, 0, 0, 2}, {0, 3, 0, 0}, {0, 2, 1, 0}, {0, 2, 0, 1}, {0, 1, 2, 0}, {0, 1, 1, 1}, {0, 1, 0, 2}, {0, 0, 3, 0}, {0, 0, 2, 1}, {0, 0, 1, 2}, {0, 0, 0, 3}, {1, 0, 0, 0}, {1, 1, 0, 0}, {1, 0, 1, 0}, {1, 0, 0, 1}, {2, 0, 0, 0}}
alpha_index_times_count = 42
alpha_index_times = {{0, 0, 1, 25}, {1, 1, 1, 26}, {2, 2, 1, 26}, {3, 3, 1, 26}, {1, 4, 1, 27}, {2, 5, 1, 27}, {3, 6, 1, 27}, {1, 5, 1, 28}, {2, 7, 1, 28}, {3, 8, 1, 28}, {1, 6, 1, 29}, {2, 8, 1, 29}, {3, 9, 1, 29}, {4, 4, 1, 30}, {5, 5, 2, 30}, {6, 6, 2, 30}, {7, 7, 1, 30}, {8, 8, 2, 30}, {9, 9, 1, 30}, {10, 10, 1, 31}, {11, 11, 3, 31}, {12, 12, 3, 31}, {13, 13, 3, 31}, {14, 14, 6, 31}, {15, 15, 3, 31}, {16, 16, 1, 31}, {17, 17, 3, 31}, {18, 18, 3, 31}, {19, 19, 1, 31}, {0, 20, 1, 32}, {1, 21, 1, 33}, {2, 22, 1, 33}, {3, 23, 1, 33}, {0, 25, 1, 34}, {0, 26, 1, 35}, {0, 30, 1, 36}, {1, 27, 1, 37}, {2, 28, 1, 37}, {3, 29, 1, 37}, {0, 32, 1, 38}, {0, 34, 1, 39}, {0, 35, 1, 40}}
alpha_scalar_moments = 16
alpha_moment_mapping = {0, 20, 24, 25, 26, 30, 31, 32, 33, 34, 35, 36, 37, 38, 39, 40}
species_coeffs = {-1.367920111476495e+00}
moment_coeffs = {-7.923450473427783e+00, 1.132892388776818e+01, 4.592515556520674e-01, 5.580988627594357e+00, -2.318776692615958e+00, -6.307047591829444e-01, -4.161640556335289e-01, -2.003512522966876e+01, -2.279730049536302e+00, 1.265304006033952e+00, 5.630438163993064e+00, 1.221450290280208e+00, 2.460505790345494e+00, 1.520650493256210e+01, -1.017582328134997e+00, -4.806915217288062e+00}