MTP
version = 1.1.0
potential_name = MTP1m
scaling = 4.507324411032954e-02
species_count = 1
potential_tag = 
radial_basis_type = RBChebyshev
	min_dist = 2.000000000000000e+00
	max_dist = 5.000000000000000e+00
	radial_basis_size = 8
	radial_funcs_count = 3
	radial_coeffs
		0-0
			{2.981706287725611e-01, -4.381177509547969e-01, 4.378075308983332e-01, 6.244023061538964e-01, 3.239120363887366e-01, 1.739051111790005e-01, 4.710818888040749e-02, 1.456918401339118e-02}
			{-2.470078744942706e-02, 2.755507639011520e-01, 4.624020376150870e-01, -7.443669319682758e-02, -3.839827455599188e-01, 3.920245410540363e-01, 4.689714755597705e-01, 4.278375235567090e-01}
			{3.360805170082741e-01, 7.220533050421897e-01, 2.557785560429924e-01, 2.713425552223076e-01, -9.204488899760022e-02, -9.771073975042863e-02, -2.805335517076957e-01, -3.604451887211170e-01}
alpha_moments_count = 41
alpha_index_basic_count = 25
alpha_index_basic = {{0, 0, 0, 0}, {0, 1, 0, 0}, {0, 0, 1, 0}, {0, 0, 0, 1}, {0, 2, 0, 0}, {0, 1, 1, 0}, {0, 1, 0, 1}, {0, 0, 2, 0}, {0, 0, 1, 1}, {0, 0, 0, 2}, {0, 3, 0, 0}, {0, 2, 1, 0}, {0, 2, 0, 1}, {0, 1, 2, 0}, {0, 1, 1, 1}, {0, 1, 0, 2}, {0, 0, 3, 0}, {0, 0, 2, 1}, {0, 0, 1, 2}, {0, 0, 0, 3}, {1, 0, 0, 0}, {1, 1, 0, 0}, {1, 0, 1, 0}, {1, 0, 0, 1}, {2, 0, 0, 0}}
alpha_index_times_count = 42
alpha_index_times = {{0, 0, 1, 25}, {1, 1, 1, 26}, {2, 2, 1, 26}, {3, 3, 1, 26}, {1, 4, 1, 27}, {2, 5, 1, 27}, {3, 6, 1, 27}, {1, 5, 1, 28}, {2, 7, 1, 28}, {3, 8, 1, 28}, {1, 6, 1, 29}, {2, 8, 1, 29}, {3, 9, 1, 29}, {4, 4, 1, 30}, {5, 5, 2, 30}, {6, 6, 2, 30}, {7, 7, 1, 30}, {8, 8, 2, 30}, {9, 9, 1, 30}, {10, 10, 1, 31}, {11, 11, 3, 31}, {12, 12, 3, 31}, {13, 13, 3, 31}, {14, 14, 6, 31}, {15, 15, 3, 31}, {16, 16, 1, 31}, {17, 17, 3, 31}, {18, 18, 3, 31}, {19, 19, 1, 31}, {0, 20, 1, 32}, {1, 21, 1, 33}, {2, 22, 1, 33}, {3, 23, 1, 33}, {0, 25, 1, 34}, {0, 26, 1, 35}, {0, 30, 1, 36}, {1, 27, 1, 37}, {2, 28, 1, 37}, {3, 29, 1, 37}, {0, 32, 1, 38}, {0, 34, 1, 39}, {0, 35, 1, 40}}
alpha_scalar_moments = 16
alpha_moment_mapping = {0, 20, 24, 25, 26, 30, 31, 32, 33, 34, 35, 36, 37, 38, 39, 40}
species_coeffs = {4.749911315753684e+00}
moment_coeffs = {-4.172344883878771e+01, 5.961857085169247e-01, -8.713633806385537e-01, 7.317428775180286e+01, 3.997453226036331e+01, -4.672188569900688e-02, -1.725508528127754e+00, -2.696511685189881e+00, -2.214704036511914e+00, -5.901230602520931e+01, -1.048277143559822e+02, 5.283670150907495e-02, 4.161817479127020e+00, 1.435420881474508e+00, 1.813437986246869e+01, 6.875795989944895e+01}