MTP
version = 1.1.0
potential_name = MTP1m
scaling = 4.384118967452302e-01
species_count = 1
potential_tag = 
radial_basis_type = RBChebyshev
	min_dist = 2.000000000000000e+00
	max_dist = 5.000000000000000e+00
	radial_basis_size = 8
	radial_funcs_count = 3
	radial_coeffs
		0-0
			{-4.018251578986917e-01, -4.834129545889624e-01, -6.162001577962516e-01, -2.109319846967720e-01, 3.247239024994218e-01, -2.028841976189883e-01, 1.529524069735975e-01, 1.032059643724387e-01}
			{5.364748696982694e-01, -4.623396685565863e-01, -3.506655585746108e-01, 3.937795446154876e-01, -4.986361276492386e-02, 3.759119528688044e-01, -1.692813731228914e-01, -2.189879472920967e-01}
			{4.836534827686216e-01, 3.720686505186489e-01, -1.406023793822886e-01, 1.411295516545945e-02, 7.297254120533579e-01, -2.629871074546045e-01, -4.234256921904848e-02, 6.497486947811823e-02}
alpha_moments_count = 41
alpha_index_basic_count = 25
alpha_index_basic = {{0, 0, 0, 0}, {0, 1, 0, 0}, {0, 0, 1, 0}, {0, 0, 0, 1}, {0, 2, 0, 0}, {0, 1, 1, 0}, {0, 1, 0, 1}, {0, 0, 2, 0}, {0, 0, 1, 1}, {0, 0, 0, 2}, {0, 3, 0, 0}, {0, 2, 1, 0}, {0, 2, 0, 1}, {0, 1, 2, 0}, {0, 1, 1, 1}, {0, 1, 0, 2}, {0, 0, 3, 0}, {0, 0, 2, 1}, {0, 0, 1, 2}, {0, 0, 0, 3}, {1, 0, 0, 0}, {1, 1, 0, 0}, {1, 0, 1, 0}, {1, 0, 0, 1}, {2, 0, 0, 0}}
alpha_index_times_count = 42
alpha_index_times = {{0, 0, 1, 25}, {1, 1, 1, 26}, {2, 2, 1, 26}, {3, 3, 1, 26}, {1, 4, 1, 27}, {2, 5, 1, 27}, {3, 6, 1, 27}, {1, 5, 1, 28}, {2, 7, 1, 28}, {3, 8, 1, 28}, {1, 6, 1, 29}, {2, 8, 1, 29}, {3, 9, 1, 29}, {4, 4, 1, 30}, {5, 5, 2, 30}, {6, 6, 2, 30}, {7, 7, 1, 30}, {8, 8, 2, 30}, {9, 9, 1, 30}, {10, 10, 1, 31}, {11, 11, 3, 31}, {12, 12, 3, 31}, {13, 13, 3, 31}, {14, 14, 6, 31}, {15, 15, 3, 31}, {16, 16, 1, 31}, {17, 17, 3, 31}, {18, 18, 3, 31}, {19, 19, 1, 31}, {0, 20, 1, 32}, {1, 21, 1, 33}, {2, 22, 1, 33}, {3, 23, 1, 33}, {0, 25, 1, 34}, {0, 26, 1, 35}, {0, 30, 1, 36}, {1, 27, 1, 37}, {2, 28, 1, 37}, {3, 29, 1, 37}, {0, 32, 1, 38}, {0, 34, 1, 39}, {0, 35, 1, 40}}
alpha_scalar_moments = 16
alpha_moment_mapping = {0, 20, 24, 25, 26, 30, 31, 32, 33, 34, 35, 36, 37, 38, 39, 40}
species_coeffs = {-4.665090643699633e-01}
moment_coeffs = {4.694594173093847e-02, -1.750131188154119e-02, 2.244909771588337e-01, -4.021739428507028e-03, -5.523177190100127e-03, -1.248654223256302e-02, -1.686377379104142e-02, 1.575623706841322e-03, -3.718663838365557e-02, 3.491317644396031e-04, 5.806985522047282e-02, 9.539312854357395e-04, 1.935698727052744e-02, -1.347742799117850e-04, -3.062912616380209e-05, -6.105376054913201e-01}