MTP
version = 1.1.0
potential_name = MTP1m
scaling = 4.917081175672312e-02
species_count = 1
potential_tag = 
radial_basis_type = RBChebyshev
	min_dist = 2.000000000000000e+00
	max_dist = 5.000000000000000e+00
	radial_basis_size = 8
	radial_funcs_count = 3
	radial_coeffs
		0-0
			{6.115014437685471e-01, 3.845472298419369e-01, 1.475266390980900e-02, 2.128045010365286e-01, 5.831166116893810e-01, 1.078561864344008e-01, -1.136484619662538e-02, -2.844273461302270e-01}
			{-6.407220325495298e-02, 7.122233678261689e-01, -4.337874656113351e-01, -4.050120311385705e-01, -1.594864508020879e-01, -6.059799248095161e-03, 2.928701904150682e-01, 1.586843344939182e-01}
			{5.301234863306615e-01, -3.587513095306868e-01, -2.927046448411226e-01, -3.881237721154600e-01, -3.985524563816480e-01, 1.198698797523709e-01, 3.321988213396503e-02, -4.238326387021808e-01}
alpha_moments_count = 41
alpha_index_basic_count = 25
alpha_index_basic = {{0, 0, 0, 0}, {0, 1, 0, 0}, {0, 0, 1, 0}, {0, 0, 0, 1}, {0, 2, 0, 0}, {0, 1, 1, 0}, {0, 1, 0, 1}, {0, 0, 2, 0}, {0, 0, 1, 1}, {0, 0, 0, 2}, {0, 3, 0, 0}, {0, 2, 1, 0}, {0, 2, 0, 1}, {0, 1, 2, 0}, {0, 1, 1, 1}, {0, 1, 0, 2}, {0, 0, 3, 0}, {0, 0, 2, 1}, {0, 0, 1, 2}, {0, 0, 0, 3}, {1, 0, 0, 0}, {1, 1, 0, 0}, {1, 0, 1, 0}, {1, 0, 0, 1}, {2, 0, 0, 0}}
alpha_index_times_count = 42
alpha_index_times = {{0, 0, 1, 25}, {1, 1, 1, 26}, {2, 2, 1, 26}, {3, 3, 1, 26}, {1, 4, 1, 27}, {2, 5, 1, 27}, {3, 6, 1, 27}, {1, 5, 1, 28}, {2, 7, 1, 28}, {3, 8, 1, 28}, {1, 6, 1, 29}, {2, 8, 1, 29}, {3, 9, 1, 29}, {4, 4, 1, 30}, {5, 5, 2, 30}, {6, 6, 2, 30}, {7, 7, 1, 30}, {8, 8, 2, 30}, {9, 9, 1, 30}, {10, 10, 1, 31}, {11, 11, 3, 31}, {12, 12, 3, 31}, {13, 13, 3, 31}, {14, 14, 6, 31}, {15, 15, 3, 31}, {16, 16, 1, 31}, {17, 17, 3, 31}, {18, 18, 3, 31}, {19, 19, 1, 31}, {0, 20, 1, 32}, {1, 21, 1, 33}, {2, 22, 1, 33}, {3, 23, 1, 33}, {0, 25, 1, 34}, {0, 26, 1, 35}, {0, 30, 1, 36}, {1, 27, 1, 37}, {2, 28, 1, 37}, {3, 29, 1, 37}, {0, 32, 1, 38}, {0, 34, 1, 39}, {0, 35, 1, 40}}
alpha_scalar_moments = 16
alpha_moment_mapping = {0, 20, 24, 25, 26, 30, 31, 32, 33, 34, 35, 36, 37, 38, 39, 40}
species_coeffs = {2.949119740107085e-01}
moment_coeffs = {-1.596522224002994e+01, 9.525989237660047e-01, -6.188421057061972e-01, 2.464916665653228e+01, 2.336115727362897e+00, -1.928517201556799e-01, -1.067361425113920e+00, -2.310760072999422e-01, -1.395034901734350e+00, -1.657324898826091e+01, -2.834918501485902e+00, 6.180541282932448e-01, 2.081539653225026e-01, -7.197313647510396e-02, 4.095192310276090e+00, 1.183032320660007e+00}