MTP
version = 1.1.0
potential_name = MTP1m
scaling = 3.130086396550662e-02
species_count = 1
potential_tag = 
radial_basis_type = RBChebyshev
	min_dist = 2.000000000000000e+00
	max_dist = 5.000000000000000e+00
	radial_basis_size = 8
	radial_funcs_count = 3
	radial_coeffs
		0-0
			{4.801201429533035e-01, -3.720634277073318e-01, -5.227535868280748e-01, 3.574316407132687e-01, 7.392520847525348e-02, -2.805698063687923e-01, -1.062893754123439e-01, -3.668010072901878e-01}
			{4.142454179875563e-01, -1.195343033026508e-01, 2.593297532595383e-01, -1.061194509408960e-01, -3.211402040426388e-01, 6.181497689951075e-01, -4.511714556675199e-01, -2.163404133448325e-01}
			{8.409951560405203e-02, -4.413160796352193e-01, -2.369662108634825e-01, -1.718075154233876e-01, 2.959632213036420e-01, 1.615360551646045e-01, -2.432472337395746e-01, 7.346014149721498e-01}
alpha_moments_count = 41
alpha_index_basic_count = 25
alpha_index_basic = {{0, 0, 0, 0}, {0, 1, 0, 0}, {0, 0, 1, 0}, {0, 0, 0, 1}, {0, 2, 0, 0}, {0, 1, 1, 0}, {0, 1, 0, 1}, {0, 0, 2, 0}, {0, 0, 1, 1}, {0, 0, 0, 2}, {0, 3, 0, 0}, {0, 2, 1, 0}, {0, 2, 0, 1}, {0, 1, 2, 0}, {0, 1, 1, 1}, {0, 1, 0, 2}, {0, 0, 3, 0}, {0, 0, 2, 1}, {0, 0, 1, 2}, {0, 0, 0, 3}, {1, 0, 0, 0}, {1, 1, 0, 0}, {1, 0, 1, 0}, {1, 0, 0, 1}, {2, 0, 0, 0}}
alpha_index_times_count = 42
alpha_index_times = {{0, 0, 1, 25}, {1, 1, 1, 26}, {2, 2, 1, 26}, {3, 3, 1, 26}, {1, 4, 1, 27}, {2, 5, 1, 27}, {3, 6, 1, 27}, {1, 5, 1, 28}, {2, 7, 1, 28}, {3, 8, 1, 28}, {1, 6, 1, 29}, {2, 8, 1, 29}, {3, 9, 1, 29}, {4, 4, 1, 30}, {5, 5, 2, 30}, {6, 6, 2, 30}, {7, 7, 1, 30}, {8, 8, 2, 30}, {9, 9, 1, 30}, {10, 10, 1, 31}, {11, 11, 3, 31}, {12, 12, 3, 31}, {13, 13, 3, 31}, {14, 14, 6, 31}, {15, 15, 3, 31}, {16, 16, 1, 31}, {17, 17, 3, 31}, {18, 18, 3, 31}, {19, 19, 1, 31}, {0, 20, 1, 32}, {1, 21, 1, 33}, {2, 22, 1, 33}, {3, 23, 1, 33}, {0, 25, 1, 34}, {0, 26, 1, 35}, {0, 30, 1, 36}, {1, 27, 1, 37}, {2, 28, 1, 37}, {3, 29, 1, 37}, {0, 32, 1, 38}, {0, 34, 1, 39}, {0, 35, 1, 40}}
alpha_scalar_moments = 16
alpha_moment_mapping = {0, 20, 24, 25, 26, 30, 31, 32, 33, 34, 35, 36, 37, 38, 39, 40}
species_coeffs = {-3.757328999834399e+00}
moment_coeffs = {9.276842629244564e+00, -2.386614598805991e+00, 7.566904146738792e-03, -2.633145945287588e+01, 2.517562645348793e+00, 2.371763477550923e+00, -4.511234185302142e+00, 3.345166033419561e+00, 2.268913909418477e+00, 2.311640033477219e+01, -4.787466215811052e+00, -5.678543943470566e-01, 6.195842914663237e+00, -1.648633861367218e+00, -6.668910813030174e+00, 3.909490358539165e+00}