MTP
version = 1.1.0
potential_name = MTP1m
scaling = 2.155706884676764e-02
species_count = 1
potential_tag = 
radial_basis_type = RBChebyshev
	min_dist = 2.000000000000000e+00
	max_dist = 5.000000000000000e+00
	radial_basis_size = 8
	radial_funcs_count = 3
	radial_coeffs
		0-0
			{6.470490577951675e-01, 7.950246246509853e-02, 2.522918352616410e-01, 3.728401786878209e-01, -5.767246655384171e-01, 1.032952192705079e-01, 3.476470467315518e-02, 1.669014039161004e-01}
			{-3.782528941513111e-01, -5.857827472300320e-01, -1.939561676536204e-01, 1.001040406998946e-01, -3.252907189443397e-01, 4.048460915058372e-01, 1.883235188566425e-01, 4.012023790869664e-01}
			{-1.910585014496890e-01, 1.741660198203779e-01, -4.652628010336030e-01, 5.188525055232616e-02, -5.389506884936379e-01, -1.167609740937805e-01, 2.377425867010126e-01, -5.944567143895608e-01}
alpha_moments_count = 41
alpha_index_basic_count = 25
alpha_index_basic = {{0, 0, 0, 0}, {0, 1, 0, 0}, {0, 0, 1, 0}, {0, 0, 0, 1}, {0, 2, 0, 0}, {0, 1, 1, 0}, {0, 1, 0, 1}, {0, 0, 2, 0}, {0, 0, 1, 1}, {0, 0, 0, 2}, {0, 3, 0, 0}, {0, 2, 1, 0}, {0, 2, 0, 1}, {0, 1, 2, 0}, {0, 1, 1, 1}, {0, 1, 0, 2}, {0, 0, 3, 0}, {0, 0, 2, 1}, {0, 0, 1, 2}, {0, 0, 0, 3}, {1, 0, 0, 0}, {1, 1, 0, 0}, {1, 0, 1, 0}, {1, 0, 0, 1}, {2, 0, 0, 0}}
alpha_index_times_count = 42
alpha_index_times = {{0, 0, 1, 25}, {1, 1, 1, 26}, {2, 2, 1, 26}, {3, 3, 1, 26}, {1, 4, 1, 27}, {2, 5, 1, 27}, {3, 6, 1, 27}, {1, 5, 1, 28}, {2, 7, 1, 28}, {3, 8, 1, 28}, {1, 6, 1, 29}, {2, 8, 1, 29}, {3, 9, 1, 29}, {4, 4, 1, 30}, {5, 5, 2, 30}, {6, 6, 2, 30}, {7, 7, 1, 30}, {8, 8, 2, 30}, {9, 9, 1, 30}, {10, 10, 1, 31}, {11, 11, 3, 31}, {12, 12, 3, 31}, {13, 13, 3, 31}, {14, 14, 6, 31}, {15, 15, 3, 31}, {16, 16, 1, 31}, {17, 17, 3, 31}, {18, 18, 3, 31}, {19, 19, 1, 31}, {0, 20, 1, 32}, {1, 21, 1, 33}, {2, 22, 1, 33}, {3, 23, 1, 33}, {0, 25, 1, 34}, {0, 26, 1, 35}, {0, 30, 1, 36}, {1, 27, 1, 37}, {2, 28, 1, 37}, {3, 29, 1, 37}, {0, 32, 1, 38}, {0, 34, 1, 39}, {0, 35, 1, 40}}
alpha_scalar_moments = 16
alpha_moment_mapping = {0, 20, 24, 25, 26, 30, 31, 32, 33, 34, 35, 36, 37, 38, 39, 40}
species_coeffs = {-3.649366977438020e+01}
moment_coeffs = {1.727935634244421e+02, -2.599219267278067e+00, -1.219119612359383e-01, -3.535075122498286e+02, -4.953240992219116e+01, 1.501043736052046e+01, -3.295930965564418e+00, 2.243633066063607e+00, -7.085686883323993e+00, 3.137721345482689e+02, 1.610077709303913e+02, -1.134046677656419e+01, -2.965225279261140e+01, 2.002313355032714e+00, -1.033874722215124e+02, -9.778295879964655e+01}