MTP
version = 1.1.0
potential_name = MTP1m
scaling = 7.724287519601593e-02
species_count = 1
potential_tag = 
radial_basis_type = RBChebyshev
	min_dist = 2.000000000000000e+00
	max_dist = 5.000000000000000e+00
	radial_basis_size = 8
	radial_funcs_count = 3
	radial_coeffs
		0-0
			{1.155859041282305e-01, 3.868497821658560e-01, -8.471132994048174e-01, -3.128972141310894e-01, -5.442730011495933e-02, -6.425323640871725e-02, -2.158586787172850e-03, 1.199419296237173e-01}
			{-4.420899101349786e-01, -2.107598816989471e-01, 6.610156072959372e-02, -5.038719081927429e-01, 4.517201505614248e-01, -4.348183717980659e-01, -2.402654630555376e-01, 2.259089706336587e-01}
			{-6.346709723759609e-01, 1.810679235244203e-01, -1.580516896633773e-01, 1.603879400847121e-01, 1.650068926819339e-01, 5.477958536149868e-03, 3.788214693141801e-01, -5.856104053790505e-01}
alpha_moments_count = 41
alpha_index_basic_count = 25
alpha_index_basic = {{0, 0, 0, 0}, {0, 1, 0, 0}, {0, 0, 1, 0}, {0, 0, 0, 1}, {0, 2, 0, 0}, {0, 1, 1, 0}, {0, 1, 0, 1}, {0, 0, 2, 0}, {0, 0, 1, 1}, {0, 0, 0, 2}, {0, 3, 0, 0}, {0, 2, 1, 0}, {0, 2, 0, 1}, {0, 1, 2, 0}, {0, 1, 1, 1}, {0, 1, 0, 2}, {0, 0, 3, 0}, {0, 0, 2, 1}, {0, 0, 1, 2}, {0, 0, 0, 3}, {1, 0, 0, 0}, {1, 1, 0, 0}, {1, 0, 1, 0}, {1, 0, 0, 1}, {2, 0, 0, 0}}
alpha_index_times_count = 42
alpha_index_times = {{0, 0, 1, 25}, {1, 1, 1, 26}, {2, 2, 1, 26}, {3, 3, 1, 26}, {1, 4, 1, 27}, {2, 5, 1, 27}, {3, 6, 1, 27}, {1, 5, 1, 28}, {2, 7, 1, 28}, {3, 8, 1, 28}, {1, 6, 1, 29}, {2, 8, 1, 29}, {3, 9, 1, 29}, {4, 4, 1, 30}, {5, 5, 2, 30}, {6, 6, 2, 30}, {7, 7, 1, 30}, {8, 8, 2, 30}, {9, 9, 1, 30}, {10, 10, 1, 31}, {11, 11, 3, 31}, {12, 12, 3, 31}, {13, 13, 3, 31}, {14, 14, 6, 31}, {15, 15, 3, 31}, {16, 16, 1, 31}, {17, 17, 3, 31}, {18, 18, 3, 31}, {19, 19, 1, 31}, {0, 20, 1, 32}, {1, 21, 1, 33}, {2, 22, 1, 33}, {3, 23, 1, 33}, {0, 25, 1, 34}, {0, 26, 1, 35}, {0, 30, 1, 36}, {1, 27, 1, 37}, {2, 28, 1, 37}, {3, 29, 1, 37}, {0, 32, 1, 38}, {0, 34, 1, 39}, {0, 35, 1, 40}}
alpha_scalar_moments = 16
alpha_moment_mapping = {0, 20, 24, 25, 26, 30, 31, 32, 33, 34, 35, 36, 37, 38, 39, 40}
species_coeffs = {-4.093829683059518e+00}
moment_coeffs = {-2.723419389083204e-01, 2.949792982999006e-01, 1.477149782708583e-01, 5.717287301750801e-01, -9.509547234526501e-03, 1.224533366971711e+00, -3.571636293275426e-02, -7.183214112498820e-02, 1.830311455745927e-01, 1.591152257024770e-01, -1.894564818546038e+00, -1.167527289699636e+00, 8.471353619261044e-01, 7.177007730309763e-02, 6.733399450554059e-02, 1.450258485179682e+00}