MTP
version = 1.1.0
potential_name = MTP1m
scaling = 5.949668222563500e-02
species_count = 1
potential_tag = 
radial_basis_type = RBChebyshev
	min_dist = 2.000000000000000e+00
	max_dist = 5.000000000000000e+00
	radial_basis_size = 8
	radial_funcs_count = 3
	radial_coeffs
		0-0
			{1.011060824948331e-01, 7.379910612362752e-01, 2.674335819741725e-01, -5.271173481804687e-01, -2.553351074401272e-01, 1.522734111195503e-01, 5.564226742393633e-02, 6.552909695728133e-02}
			{-6.940545506615185e-02, 3.459873018646362e-01, -7.823563352437333e-01, -3.659930677813552e-02, -1.045002976512366e-01, -4.823324401188778e-01, -9.890079058334092e-02, -9.331914607735629e-02}
			{-2.997242908176269e-02, -1.301442580121648e-01, 6.616061335849995e-02, -4.258093835476757e-01, 4.957801813051013e-01, -4.394425713861044e-01, 4.678186997643192e-01, 3.724394841496380e-01}
alpha_moments_count = 41
alpha_index_basic_count = 25
alpha_index_basic = {{0, 0, 0, 0}, {0, 1, 0, 0}, {0, 0, 1, 0}, {0, 0, 0, 1}, {0, 2, 0, 0}, {0, 1, 1, 0}, {0, 1, 0, 1}, {0, 0, 2, 0}, {0, 0, 1, 1}, {0, 0, 0, 2}, {0, 3, 0, 0}, {0, 2, 1, 0}, {0, 2, 0, 1}, {0, 1, 2, 0}, {0, 1, 1, 1}, {0, 1, 0, 2}, {0, 0, 3, 0}, {0, 0, 2, 1}, {0, 0, 1, 2}, {0, 0, 0, 3}, {1, 0, 0, 0}, {1, 1, 0, 0}, {1, 0, 1, 0}, {1, 0, 0, 1}, {2, 0, 0, 0}}
alpha_index_times_count = 42
alpha_index_times = {{0, 0, 1, 25}, {1, 1, 1, 26}, {2, 2, 1, 26}, {3, 3, 1, 26}, {1, 4, 1, 27}, {2, 5, 1, 27}, {3, 6, 1, 27}, {1, 5, 1, 28}, {2, 7, 1, 28}, {3, 8, 1, 28}, {1, 6, 1, 29}, {2, 8, 1, 29}, {3, 9, 1, 29}, {4, 4, 1, 30}, {5, 5, 2, 30}, {6, 6, 2, 30}, {7, 7, 1, 30}, {8, 8, 2, 30}, {9, 9, 1, 30}, {10, 10, 1, 31}, {11, 11, 3, 31}, {12, 12, 3, 31}, {13, 13, 3, 31}, {14, 14, 6, 31}, {15, 15, 3, 31}, {16, 16, 1, 31}, {17, 17, 3, 31}, {18, 18, 3, 31}, {19, 19, 1, 31}, {0, 20, 1, 32}, {1, 21, 1, 33}, {2, 22, 1, 33}, {3, 23, 1, 33}, {0, 25, 1, 34}, {0, 26, 1, 35}, {0, 30, 1, 36}, {1, 27, 1, 37}, {2, 28, 1, 37}, {3, 29, 1, 37}, {0, 32, 1, 38}, {0, 34, 1, 39}, {0, 35, 1, 40}}
alpha_scalar_moments = 16
alpha_moment_mapping = {0, 20, 24, 25, 26, 30, 31, 32, 33, 34, 35, 36, 37, 38, 39, 40}
species_coeffs = {-4.378326496651176e+00}
moment_coeffs = {1.496899817838022e-01, 7.439918640523460e-02, 3.041779579098923e-01, 2.467869623635488e+00, 3.065207523079794e+00, -8.779991701095460e-02, -2.437709315955152e+00, 3.275683669729921e-01, 1.325293047427746e+00, 3.264011726140515e+00, -3.809448721966547e+00, 3.567340892209142e-01, -2.358519002599606e-02, 1.358954979397107e+00, 4.005209369816109e-01, -5.503659466119788e+00}