MTP
version = 1.1.0
potential_name = MTP1m
scaling = 3.130086396550662e-02
species_count = 1
potential_tag = 
radial_basis_type = RBChebyshev
	min_dist = 2.000000000000000e+00
	max_dist = 5.000000000000000e+00
	radial_basis_size = 8
	radial_funcs_count = 3
	radial_coeffs
		0-0
			{3.048643515568009e-01, 7.307033794475880e-01, -1.506631792501232e-01, -4.229539443385132e-01, -1.816431314369064e-01, -8.350052726363129e-02, -3.589406607761245e-01, 5.230584853105888e-02}
			{-5.385236545219595e-01, 2.065491302854682e-01, -1.743361369677373e-01, 1.448785813085947e-01, -7.327953750087500e-01, 1.933836557860272e-01, 1.982904736817110e-01, 4.734369663962067e-02}
			{1.176441158738777e-01, 3.334183857782287e-01, 4.115786085094221e-01, 3.213829271901500e-01, -5.948847668519877e-02, -6.123200277432740e-01, 4.288699088604115e-01, 1.997598818422897e-01}
alpha_moments_count = 41
alpha_index_basic_count = 25
alpha_index_basic = {{0, 0, 0, 0}, {0, 1, 0, 0}, {0, 0, 1, 0}, {0, 0, 0, 1}, {0, 2, 0, 0}, {0, 1, 1, 0}, {0, 1, 0, 1}, {0, 0, 2, 0}, {0, 0, 1, 1}, {0, 0, 0, 2}, {0, 3, 0, 0}, {0, 2, 1, 0}, {0, 2, 0, 1}, {0, 1, 2, 0}, {0, 1, 1, 1}, {0, 1, 0, 2}, {0, 0, 3, 0}, {0, 0, 2, 1}, {0, 0, 1, 2}, {0, 0, 0, 3}, {1, 0, 0, 0}, {1, 1, 0, 0}, {1, 0, 1, 0}, {1, 0, 0, 1}, {2, 0, 0, 0}}
alpha_index_times_count = 42
alpha_index_times = {{0, 0, 1, 25}, {1, 1, 1, 26}, {2, 2, 1, 26}, {3, 3, 1, 26}, {1, 4, 1, 27}, {2, 5, 1, 27}, {3, 6, 1, 27}, {1, 5, 1, 28}, {2, 7, 1, 28}, {3, 8, 1, 28}, {1, 6, 1, 29}, {2, 8, 1, 29}, {3, 9, 1, 29}, {4, 4, 1, 30}, {5, 5, 2, 30}, {6, 6, 2, 30}, {7, 7, 1, 30}, {8, 8, 2, 30}, {9, 9, 1, 30}, {10, 10, 1, 31}, {11, 11, 3, 31}, {12, 12, 3, 31}, {13, 13, 3, 31}, {14, 14, 6, 31}, {15, 15, 3, 31}, {16, 16, 1, 31}, {17, 17, 3, 31}, {18, 18, 3, 31}, {19, 19, 1, 31}, {0, 20, 1, 32}, {1, 21, 1, 33}, {2, 22, 1, 33}, {3, 23, 1, 33}, {0, 25, 1, 34}, {0, 26, 1, 35}, {0, 30, 1, 36}, {1, 27, 1, 37}, {2, 28, 1, 37}, {3, 29, 1, 37}, {0, 32, 1, 38}, {0, 34, 1, 39}, {0, 35, 1, 40}}
alpha_scalar_moments = 16
alpha_moment_mapping = {0, 20, 24, 25, 26, 30, 31, 32, 33, 34, 35, 36, 37, 38, 39, 40}
species_coeffs = {-5.022080428999100e+00}
moment_coeffs = {-7.326597096417834e-01, -1.477439284242238e+00, 5.007956167123470e-01, 6.044936501054854e+00, 1.096140537728926e+00, -5.846806273077992e+00, 3.847264386258520e-01, 3.892719501319889e+00, 2.060686599136641e+00, -8.729747975415895e+00, 1.168972820400155e+01, 8.722951563913826e-01, -1.840449074726066e-01, -2.538215681641783e+00, 1.306756075045514e+01, -3.710046471540546e+00}