MTP
version = 1.1.0
potential_name = MTP1m
scaling = 4.470073796065738e-02
species_count = 1
potential_tag = 
radial_basis_type = RBChebyshev
	min_dist = 2.000000000000000e+00
	max_dist = 5.000000000000000e+00
	radial_basis_size = 8
	radial_funcs_count = 3
	radial_coeffs
		0-0
			{-4.769600192506584e-01, 3.489908470107899e-01, -2.581494354786940e-01, -4.530276348291814e-01, -5.062579513359168e-01, 2.770206734051036e-01, 4.030424882787221e-02, 2.101841091138366e-01}
			{-7.086098583566780e-02, -6.105303706319787e-01, -3.260870099581873e-01, 1.928474026410288e-01, 3.628895799318326e-02, 6.607350642092980e-01, -1.651936834692565e-01, 1.163265277031729e-01}
			{-2.484970691124713e-01, 2.816687356508447e-01, -4.865828728877807e-01, -7.956931865261270e-02, 7.762833243728752e-01, -2.820571058602261e-02, 5.791312854682693e-02, 9.514446002607206e-02}
alpha_moments_count = 41
alpha_index_basic_count = 25
alpha_index_basic = {{0, 0, 0, 0}, {0, 1, 0, 0}, {0, 0, 1, 0}, {0, 0, 0, 1}, {0, 2, 0, 0}, {0, 1, 1, 0}, {0, 1, 0, 1}, {0, 0, 2, 0}, {0, 0, 1, 1}, {0, 0, 0, 2}, {0, 3, 0, 0}, {0, 2, 1, 0}, {0, 2, 0, 1}, {0, 1, 2, 0}, {0, 1, 1, 1}, {0, 1, 0, 2}, {0, 0, 3, 0}, {0, 0, 2, 1}, {0, 0, 1, 2}, {0, 0, 0, 3}, {1, 0, 0, 0}, {1, 1, 0, 0}, {1, 0, 1, 0}, {1, 0, 0, 1}, {2, 0, 0, 0}}
alpha_index_times_count = 42
alpha_index_times = {{0, 0, 1, 25}, {1, 1, 1, 26}, {2, 2, 1, 26}, {3, 3, 1, 26}, {1, 4, 1, 27}, {2, 5, 1, 27}, {3, 6, 1, 27}, {1, 5, 1, 28}, {2, 7, 1, 28}, {3, 8, 1, 28}, {1, 6, 1, 29}, {2, 8, 1, 29}, {3, 9, 1, 29}, {4, 4, 1, 30}, {5, 5, 2, 30}, {6, 6, 2, 30}, {7, 7, 1, 30}, {8, 8, 2, 30}, {9, 9, 1, 30}, {10, 10, 1, 31}, {11, 11, 3, 31}, {12, 12, 3, 31}, {13, 13, 3, 31}, {14, 14, 6, 31}, {15, 15, 3, 31}, {16, 16, 1, 31}, {17, 17, 3, 31}, {18, 18, 3, 31}, {19, 19, 1, 31}, {0, 20, 1, 32}, {1, 21, 1, 33}, {2, 22, 1, 33}, {3, 23, 1, 33}, {0, 25, 1, 34}, {0, 26, 1, 35}, {0, 30, 1, 36}, {1, 27, 1, 37}, {2, 28, 1, 37}, {3, 29, 1, 37}, {0, 32, 1, 38}, {0, 34, 1, 39}, {0, 35, 1, 40}}
alpha_scalar_moments = 16
alpha_moment_mapping = {0, 20, 24, 25, 26, 30, 31, 32, 33, 34, 35, 36, 37, 38, 39, 40}
species_coeffs = {-1.714621291380247e-01}
moment_coeffs = {1.691863924429954e+01, -1.592112541859616e+00, 8.651002794576400e-01, 2.447252988326160e+01, 4.045696266133064e+00, 2.697519153971858e+00, -1.619822978198012e+00, -5.254030621032356e+00, -1.644062179041699e+00, 9.706377986653660e+00, 9.593534823769859e+00, 4.362559081170757e+00, -1.889792510726108e+00, -5.304238654391982e+00, -6.499876055213752e-01, 1.287730547883726e+01}