MTP
version = 1.1.0
potential_name = MTP1m
scaling = 1.028102668858973e-01
species_count = 1
potential_tag = 
radial_basis_type = RBChebyshev
	min_dist = 2.000000000000000e+00
	max_dist = 5.000000000000000e+00
	radial_basis_size = 8
	radial_funcs_count = 3
	radial_coeffs
		0-0
			{8.897900745943997e-02, 3.204013983699388e-01, -6.718375809119158e-01, -5.443968766678263e-01, -2.658200266116831e-01, -2.128057083768676e-01, -1.596305452260860e-01, -1.623323344461453e-02}
			{-6.050427651463328e-01, -4.053596357017048e-01, -2.606098061344980e-02, -2.504623728426049e-01, 1.057944271706516e-01, 2.769156045518487e-02, -4.451390776809084e-01, 4.428184284195484e-01}
			{6.075905548998867e-02, -6.331475566002636e-01, -2.521836227085142e-01, -2.160229524072383e-01, 3.786497938300472e-01, -3.063239631191149e-01, 3.725585467780602e-01, -3.303938632784092e-01}
alpha_moments_count = 41
alpha_index_basic_count = 25
alpha_index_basic = {{0, 0, 0, 0}, {0, 1, 0, 0}, {0, 0, 1, 0}, {0, 0, 0, 1}, {0, 2, 0, 0}, {0, 1, 1, 0}, {0, 1, 0, 1}, {0, 0, 2, 0}, {0, 0, 1, 1}, {0, 0, 0, 2}, {0, 3, 0, 0}, {0, 2, 1, 0}, {0, 2, 0, 1}, {0, 1, 2, 0}, {0, 1, 1, 1}, {0, 1, 0, 2}, {0, 0, 3, 0}, {0, 0, 2, 1}, {0, 0, 1, 2}, {0, 0, 0, 3}, {1, 0, 0, 0}, {1, 1, 0, 0}, {1, 0, 1, 0}, {1, 0, 0, 1}, {2, 0, 0, 0}}
alpha_index_times_count = 42
alpha_index_times = {{0, 0, 1, 25}, {1, 1, 1, 26}, {2, 2, 1, 26}, {3, 3, 1, 26}, {1, 4, 1, 27}, {2, 5, 1, 27}, {3, 6, 1, 27}, {1, 5, 1, 28}, {2, 7, 1, 28}, {3, 8, 1, 28}, {1, 6, 1, 29}, {2, 8, 1, 29}, {3, 9, 1, 29}, {4, 4, 1, 30}, {5, 5, 2, 30}, {6, 6, 2, 30}, {7, 7, 1, 30}, {8, 8, 2, 30}, {9, 9, 1, 30}, {10, 10, 1, 31}, {11, 11, 3, 31}, {12, 12, 3, 31}, {13, 13, 3, 31}, {14, 14, 6, 31}, {15, 15, 3, 31}, {16, 16, 1, 31}, {17, 17, 3, 31}, {18, 18, 3, 31}, {19, 19, 1, 31}, {0, 20, 1, 32}, {1, 21, 1, 33}, {2, 22, 1, 33}, {3, 23, 1, 33}, {0, 25, 1, 34}, {0, 26, 1, 35}, {0, 30, 1, 36}, {1, 27, 1, 37}, {2, 28, 1, 37}, {3, 29, 1, 37}, {0, 32, 1, 38}, {0, 34, 1, 39}, {0, 35, 1, 40}}
alpha_scalar_moments = 16
alpha_moment_mapping = {0, 20, 24, 25, 26, 30, 31, 32, 33, 34, 35, 36, 37, 38, 39, 40}
species_coeffs = {-4.508515878858411e+00}
moment_coeffs = {4.975854896766921e-01, 2.144950097853021e-01, 2.549720285339045e-01, -3.964425859303783e+00, 9.003768426117457e-01, 1.299402003299108e+00, -9.838979947716424e-01, -1.661319001789970e-01, 4.995425973956577e-02, 7.360182362618803e+00, -2.122872653876871e+00, -9.638482704333461e-01, 8.349896070877382e-01, 1.355816830356442e-01, -3.728326258019605e+00, 1.167367987660144e+00}