MTP
version = 1.1.0
potential_name = MTP1m
scaling = 2.869245863504774e-02
species_count = 1
potential_tag = 
radial_basis_type = RBChebyshev
	min_dist = 2.000000000000000e+00
	max_dist = 5.000000000000000e+00
	radial_basis_size = 8
	radial_funcs_count = 3
	radial_coeffs
		0-0
			{6.871343775222875e-01, -2.695519500161072e-01, 5.615444898171752e-01, 1.713028263384043e-01, -1.478562874454743e-01, 1.294347761276561e-01, 2.500317071697965e-01, 9.685309863601546e-02}
			{-1.071055394506849e-01, -2.934075422639019e-01, -7.465727827087047e-03, 8.298569788603558e-02, 6.725133021026785e-01, 1.080237131976798e-01, 2.543452093996941e-02, 6.564357353484842e-01}
			{2.967280282801765e-02, -2.532865446018524e-01, 2.161372341039677e-01, 8.803444788771915e-02, 5.749488281461684e-01, -3.408967288651720e-01, -1.341107749953081e-01, -6.447772077295424e-01}
alpha_moments_count = 41
alpha_index_basic_count = 25
alpha_index_basic = {{0, 0, 0, 0}, {0, 1, 0, 0}, {0, 0, 1, 0}, {0, 0, 0, 1}, {0, 2, 0, 0}, {0, 1, 1, 0}, {0, 1, 0, 1}, {0, 0, 2, 0}, {0, 0, 1, 1}, {0, 0, 0, 2}, {0, 3, 0, 0}, {0, 2, 1, 0}, {0, 2, 0, 1}, {0, 1, 2, 0}, {0, 1, 1, 1}, {0, 1, 0, 2}, {0, 0, 3, 0}, {0, 0, 2, 1}, {0, 0, 1, 2}, {0, 0, 0, 3}, {1, 0, 0, 0}, {1, 1, 0, 0}, {1, 0, 1, 0}, {1, 0, 0, 1}, {2, 0, 0, 0}}
alpha_index_times_count = 42
alpha_index_times = {{0, 0, 1, 25}, {1, 1, 1, 26}, {2, 2, 1, 26}, {3, 3, 1, 26}, {1, 4, 1, 27}, {2, 5, 1, 27}, {3, 6, 1, 27}, {1, 5, 1, 28}, {2, 7, 1, 28}, {3, 8, 1, 28}, {1, 6, 1, 29}, {2, 8, 1, 29}, {3, 9, 1, 29}, {4, 4, 1, 30}, {5, 5, 2, 30}, {6, 6, 2, 30}, {7, 7, 1, 30}, {8, 8, 2, 30}, {9, 9, 1, 30}, {10, 10, 1, 31}, {11, 11, 3, 31}, {12, 12, 3, 31}, {13, 13, 3, 31}, {14, 14, 6, 31}, {15, 15, 3, 31}, {16, 16, 1, 31}, {17, 17, 3, 31}, {18, 18, 3, 31}, {19, 19, 1, 31}, {0, 20, 1, 32}, {1, 21, 1, 33}, {2, 22, 1, 33}, {3, 23, 1, 33}, {0, 25, 1, 34}, {0, 26, 1, 35}, {0, 30, 1, 36}, {1, 27, 1, 37}, {2, 28, 1, 37}, {3, 29, 1, 37}, {0, 32, 1, 38}, {0, 34, 1, 39}, {0, 35, 1, 40}}
alpha_scalar_moments = 16
alpha_moment_mapping = {0, 20, 24, 25, 26, 30, 31, 32, 33, 34, 35, 36, 37, 38, 39, 40}
species_coeffs = {2.131534630275376e+00}
moment_coeffs = {-3.113435218302029e+01, -7.159544344086670e-01, 5.565653221262066e-01, 4.399746041485467e+01, -1.124312119211741e+02, 2.437069998549962e+01, -3.626871167377102e+00, 8.556519612850632e-01, 1.648446573313460e+00, -3.146209219748269e+01, 2.407981245308742e+02, -2.002438616687024e+01, -2.382119693983470e+01, 3.700231896584753e-01, 1.076977718780149e+01, -1.194278853392862e+02}