MTP
version = 1.1.0
potential_name = MTP1m
scaling = 2.173671108715738e-02
species_count = 1
potential_tag = 
radial_basis_type = RBChebyshev
	min_dist = 2.000000000000000e+00
	max_dist = 5.000000000000000e+00
	radial_basis_size = 8
	radial_funcs_count = 3
	radial_coeffs
		0-0
			{4.174912970696076e-01, 1.229278540916617e-02, -3.658980407067622e-01, -2.097709664849415e-01, 3.493063560675097e-01, -4.552628721772071e-01, 5.341617666658651e-01, -1.818149135388712e-01}
			{-2.679959467123789e-01, -2.521410850065976e-01, 1.385074855728632e-01, -1.828650566499250e-01, 3.920216944444599e-01, 5.367936150690307e-01, 5.368874966061712e-01, 2.861861533829139e-01}
			{-1.778091535628072e-01, 2.660738793252245e-01, -1.219937498963629e-01, 5.719126917774174e-01, 6.993429596631130e-01, -8.463893819183767e-02, -2.197162823740995e-01, 1.053680359090800e-01}
alpha_moments_count = 41
alpha_index_basic_count = 25
alpha_index_basic = {{0, 0, 0, 0}, {0, 1, 0, 0}, {0, 0, 1, 0}, {0, 0, 0, 1}, {0, 2, 0, 0}, {0, 1, 1, 0}, {0, 1, 0, 1}, {0, 0, 2, 0}, {0, 0, 1, 1}, {0, 0, 0, 2}, {0, 3, 0, 0}, {0, 2, 1, 0}, {0, 2, 0, 1}, {0, 1, 2, 0}, {0, 1, 1, 1}, {0, 1, 0, 2}, {0, 0, 3, 0}, {0, 0, 2, 1}, {0, 0, 1, 2}, {0, 0, 0, 3}, {1, 0, 0, 0}, {1, 1, 0, 0}, {1, 0, 1, 0}, {1, 0, 0, 1}, {2, 0, 0, 0}}
alpha_index_times_count = 42
alpha_index_times = {{0, 0, 1, 25}, {1, 1, 1, 26}, {2, 2, 1, 26}, {3, 3, 1, 26}, {1, 4, 1, 27}, {2, 5, 1, 27}, {3, 6, 1, 27}, {1, 5, 1, 28}, {2, 7, 1, 28}, {3, 8, 1, 28}, {1, 6, 1, 29}, {2, 8, 1, 29}, {3, 9, 1, 29}, {4, 4, 1, 30}, {5, 5, 2, 30}, {6, 6, 2, 30}, {7, 7, 1, 30}, {8, 8, 2, 30}, {9, 9, 1, 30}, {10, 10, 1, 31}, {11, 11, 3, 31}, {12, 12, 3, 31}, {13, 13, 3, 31}, {14, 14, 6, 31}, {15, 15, 3, 31}, {16, 16, 1, 31}, {17, 17, 3, 31}, {18, 18, 3, 31}, {19, 19, 1, 31}, {0, 20, 1, 32}, {1, 21, 1, 33}, {2, 22, 1, 33}, {3, 23, 1, 33}, {0, 25, 1, 34}, {0, 26, 1, 35}, {0, 30, 1, 36}, {1, 27, 1, 37}, {2, 28, 1, 37}, {3, 29, 1, 37}, {0, 32, 1, 38}, {0, 34, 1, 39}, {0, 35, 1, 40}}
alpha_scalar_moments = 16
alpha_moment_mapping = {0, 20, 24, 25, 26, 30, 31, 32, 33, 34, 35, 36, 37, 38, 39, 40}
species_coeffs = {-4.392650663614095e+00}
moment_coeffs = {1.320603001261127e+00, 2.504396338211662e+00, 7.620244437644942e-01, 3.104980470871183e+00, -1.415944060550321e+00, -6.532344188604192e-01, 1.545100513646284e+00, 2.619450685549518e+00, 1.966700616431244e+00, 4.057552464347931e+00, 2.375581257752885e+00, -4.691300470814715e+00, -7.719255535748076e-01, 7.815089187455445e+00, 2.825812937015691e+00, 1.972202897465571e+00}