MTP
version = 1.1.0
potential_name = MTP1m
scaling = 5.900497410806775e-02
species_count = 1
potential_tag = 
radial_basis_type = RBChebyshev
	min_dist = 2.000000000000000e+00
	max_dist = 5.000000000000000e+00
	radial_basis_size = 8
	radial_funcs_count = 3
	radial_coeffs
		0-0
			{-2.888390743928095e-01, 3.015129774618319e-01, 5.032607051940480e-01, -7.392200975218849e-01, -1.312933541789301e-01, -5.613010676419941e-02, -3.634147557505076e-02, -6.507677135079785e-02}
			{2.150555291466448e-01, 1.390440959171571e-01, -6.007271039743404e-01, -5.108277133967257e-01, 4.973770434383876e-01, -1.058118483879742e-01, 1.687877007816183e-01, -1.597826436649972e-01}
			{2.664013280902968e-01, -3.034973205932648e-01, -2.363870562430533e-01, -2.035748547145680e-01, -6.563211843107714e-01, -2.454731140029430e-01, -1.993250633520202e-01, -4.570045061040856e-01}
alpha_moments_count = 41
alpha_index_basic_count = 25
alpha_index_basic = {{0, 0, 0, 0}, {0, 1, 0, 0}, {0, 0, 1, 0}, {0, 0, 0, 1}, {0, 2, 0, 0}, {0, 1, 1, 0}, {0, 1, 0, 1}, {0, 0, 2, 0}, {0, 0, 1, 1}, {0, 0, 0, 2}, {0, 3, 0, 0}, {0, 2, 1, 0}, {0, 2, 0, 1}, {0, 1, 2, 0}, {0, 1, 1, 1}, {0, 1, 0, 2}, {0, 0, 3, 0}, {0, 0, 2, 1}, {0, 0, 1, 2}, {0, 0, 0, 3}, {1, 0, 0, 0}, {1, 1, 0, 0}, {1, 0, 1, 0}, {1, 0, 0, 1}, {2, 0, 0, 0}}
alpha_index_times_count = 42
alpha_index_times = {{0, 0, 1, 25}, {1, 1, 1, 26}, {2, 2, 1, 26}, {3, 3, 1, 26}, {1, 4, 1, 27}, {2, 5, 1, 27}, {3, 6, 1, 27}, {1, 5, 1, 28}, {2, 7, 1, 28}, {3, 8, 1, 28}, {1, 6, 1, 29}, {2, 8, 1, 29}, {3, 9, 1, 29}, {4, 4, 1, 30}, {5, 5, 2, 30}, {6, 6, 2, 30}, {7, 7, 1, 30}, {8, 8, 2, 30}, {9, 9, 1, 30}, {10, 10, 1, 31}, {11, 11, 3, 31}, {12, 12, 3, 31}, {13, 13, 3, 31}, {14, 14, 6, 31}, {15, 15, 3, 31}, {16, 16, 1, 31}, {17, 17, 3, 31}, {18, 18, 3, 31}, {19, 19, 1, 31}, {0, 20, 1, 32}, {1, 21, 1, 33}, {2, 22, 1, 33}, {3, 23, 1, 33}, {0, 25, 1, 34}, {0, 26, 1, 35}, {0, 30, 1, 36}, {1, 27, 1, 37}, {2, 28, 1, 37}, {3, 29, 1, 37}, {0, 32, 1, 38}, {0, 34, 1, 39}, {0, 35, 1, 40}}
alpha_scalar_moments = 16
alpha_moment_mapping = {0, 20, 24, 25, 26, 30, 31, 32, 33, 34, 35, 36, 37, 38, 39, 40}
species_coeffs = {-1.665213543454948e+00}
moment_coeffs = {6.464613423058513e+00, -3.081114755449145e-01, -4.730365023922644e-01, 3.394949630185680e+00, -7.442778879758424e+00, 3.555576476937919e+00, 8.555836453238292e-01, -1.694911946822442e-02, 9.890550519242290e-01, 6.579180685066821e-01, -9.508792964917031e+00, 1.699213285974520e+00, -3.252955153147901e+00, 1.084949300364554e-01, 9.425817649700585e-02, -3.151679359104208e+00}