MTP
version = 1.1.0
potential_name = MTP1m
scaling = 1.480467843156920e-01
species_count = 1
potential_tag = 
radial_basis_type = RBChebyshev
	min_dist = 2.000000000000000e+00
	max_dist = 5.000000000000000e+00
	radial_basis_size = 8
	radial_funcs_count = 3
	radial_coeffs
		0-0
			{-4.523071149436048e-01, -5.409395964639133e-01, -5.680961940980871e-01, -3.585745943635294e-01, -1.770763528301572e-01, -1.059394814530288e-01, -8.824578802490558e-02, -3.357190657151615e-02}
			{-3.370296287412590e-01, -3.655332229105039e-01, 7.490903360723582e-02, 7.652708359800418e-01, 1.311336121250697e-01, 3.006514350262146e-01, -2.097988854348183e-01, -9.971355895586484e-02}
			{2.848115415940539e-01, -3.745758893056516e-01, 4.208406990048286e-01, -3.839631617476762e-02, -7.331724584674015e-01, -3.755229754518080e-03, -1.723667343402044e-01, -1.809084585592501e-01}
alpha_moments_count = 41
alpha_index_basic_count = 25
alpha_index_basic = {{0, 0, 0, 0}, {0, 1, 0, 0}, {0, 0, 1, 0}, {0, 0, 0, 1}, {0, 2, 0, 0}, {0, 1, 1, 0}, {0, 1, 0, 1}, {0, 0, 2, 0}, {0, 0, 1, 1}, {0, 0, 0, 2}, {0, 3, 0, 0}, {0, 2, 1, 0}, {0, 2, 0, 1}, {0, 1, 2, 0}, {0, 1, 1, 1}, {0, 1, 0, 2}, {0, 0, 3, 0}, {0, 0, 2, 1}, {0, 0, 1, 2}, {0, 0, 0, 3}, {1, 0, 0, 0}, {1, 1, 0, 0}, {1, 0, 1, 0}, {1, 0, 0, 1}, {2, 0, 0, 0}}
alpha_index_times_count = 42
alpha_index_times = {{0, 0, 1, 25}, {1, 1, 1, 26}, {2, 2, 1, 26}, {3, 3, 1, 26}, {1, 4, 1, 27}, {2, 5, 1, 27}, {3, 6, 1, 27}, {1, 5, 1, 28}, {2, 7, 1, 28}, {3, 8, 1, 28}, {1, 6, 1, 29}, {2, 8, 1, 29}, {3, 9, 1, 29}, {4, 4, 1, 30}, {5, 5, 2, 30}, {6, 6, 2, 30}, {7, 7, 1, 30}, {8, 8, 2, 30}, {9, 9, 1, 30}, {10, 10, 1, 31}, {11, 11, 3, 31}, {12, 12, 3, 31}, {13, 13, 3, 31}, {14, 14, 6, 31}, {15, 15, 3, 31}, {16, 16, 1, 31}, {17, 17, 3, 31}, {18, 18, 3, 31}, {19, 19, 1, 31}, {0, 20, 1, 32}, {1, 21, 1, 33}, {2, 22, 1, 33}, {3, 23, 1, 33}, {0, 25, 1, 34}, {0, 26, 1, 35}, {0, 30, 1, 36}, {1, 27, 1, 37}, {2, 28, 1, 37}, {3, 29, 1, 37}, {0, 32, 1, 38}, {0, 34, 1, 39}, {0, 35, 1, 40}}
alpha_scalar_moments = 16
alpha_moment_mapping = {0, 20, 24, 25, 26, 30, 31, 32, 33, 34, 35, 36, 37, 38, 39, 40}
species_coeffs = {-1.639330996826291e+00}
moment_coeffs = {1.023639625038989e+01, 4.553570978159398e-01, -2.040773036337614e-01, 1.577659013608340e+01, -9.806991244021005e+01, 1.149170940253078e+01, -8.201299316702912e-01, 1.011005966657543e+00, 5.276180132808680e-01, 1.718510038692631e+01, -2.018623909905999e+02, 6.460579747562357e+00, 1.855225519081141e+01, 5.691304320302640e-01, 7.361473785246151e+00, -9.892121337584814e+01}