MTP
version = 1.1.0
potential_name = MTP1m
scaling = 3.756103675860794e-02
species_count = 1
potential_tag = 
radial_basis_type = RBChebyshev
	min_dist = 2.000000000000000e+00
	max_dist = 5.000000000000000e+00
	radial_basis_size = 8
	radial_funcs_count = 3
	radial_coeffs
		0-0
			{5.323280612604662e-01, -3.166388647066869e-01, 4.024322229562123e-01, 3.150134321782909e-01, -5.522131421042842e-01, -1.757795557590969e-02, 2.015174859189946e-01, 9.656019500643884e-02}
			{-6.723016769574154e-01, -5.279142682286486e-01, 3.187948454834390e-02, 3.363033569677639e-01, -1.353095439298710e-01, -3.673275336576873e-01, -4.417938525171682e-02, -3.274534353677608e-03}
			{-1.540924811822732e-02, 3.344592881592686e-01, -2.783243632940682e-01, -2.280059012732740e-01, -6.795471145644025e-01, -3.907644593932381e-01, -3.592256062295638e-01, -1.221647118002875e-01}
alpha_moments_count = 41
alpha_index_basic_count = 25
alpha_index_basic = {{0, 0, 0, 0}, {0, 1, 0, 0}, {0, 0, 1, 0}, {0, 0, 0, 1}, {0, 2, 0, 0}, {0, 1, 1, 0}, {0, 1, 0, 1}, {0, 0, 2, 0}, {0, 0, 1, 1}, {0, 0, 0, 2}, {0, 3, 0, 0}, {0, 2, 1, 0}, {0, 2, 0, 1}, {0, 1, 2, 0}, {0, 1, 1, 1}, {0, 1, 0, 2}, {0, 0, 3, 0}, {0, 0, 2, 1}, {0, 0, 1, 2}, {0, 0, 0, 3}, {1, 0, 0, 0}, {1, 1, 0, 0}, {1, 0, 1, 0}, {1, 0, 0, 1}, {2, 0, 0, 0}}
alpha_index_times_count = 42
alpha_index_times = {{0, 0, 1, 25}, {1, 1, 1, 26}, {2, 2, 1, 26}, {3, 3, 1, 26}, {1, 4, 1, 27}, {2, 5, 1, 27}, {3, 6, 1, 27}, {1, 5, 1, 28}, {2, 7, 1, 28}, {3, 8, 1, 28}, {1, 6, 1, 29}, {2, 8, 1, 29}, {3, 9, 1, 29}, {4, 4, 1, 30}, {5, 5, 2, 30}, {6, 6, 2, 30}, {7, 7, 1, 30}, {8, 8, 2, 30}, {9, 9, 1, 30}, {10, 10, 1, 31}, {11, 11, 3, 31}, {12, 12, 3, 31}, {13, 13, 3, 31}, {14, 14, 6, 31}, {15, 15, 3, 31}, {16, 16, 1, 31}, {17, 17, 3, 31}, {18, 18, 3, 31}, {19, 19, 1, 31}, {0, 20, 1, 32}, {1, 21, 1, 33}, {2, 22, 1, 33}, {3, 23, 1, 33}, {0, 25, 1, 34}, {0, 26, 1, 35}, {0, 30, 1, 36}, {1, 27, 1, 37}, {2, 28, 1, 37}, {3, 29, 1, 37}, {0, 32, 1, 38}, {0, 34, 1, 39}, {0, 35, 1, 40}}
alpha_scalar_moments = 16
alpha_moment_mapping = {0, 20, 24, 25, 26, 30, 31, 32, 33, 34, 35, 36, 37, 38, 39, 40}
species_coeffs = {7.122590215893419e+00}
moment_coeffs = {-1.981422969582670e+01, 9.462387528435260e+00, -4.796329400620524e-01, 8.783041837512489e+00, 1.190259166519263e+01, 3.439562174061317e+00, -1.971786909907143e+00, -1.539541430427280e+01, 1.797700813838655e+00, -1.316119292846916e+00, -1.635396669527639e+01, -1.920607284032146e+00, 2.539909185541308e-01, 6.257215112303862e+00, 6.020274284224103e-01, 6.152665810261680e+00}