MTP
version = 1.1.0
potential_name = MTP1m
scaling = 4.097567646393594e-02
species_count = 1
potential_tag = 
radial_basis_type = RBChebyshev
	min_dist = 2.000000000000000e+00
	max_dist = 5.000000000000000e+00
	radial_basis_size = 8
	radial_funcs_count = 3
	radial_coeffs
		0-0
			{-5.302057574622090e-01, 2.433947668439772e-01, -4.107165913090037e-01, -1.930620999451356e-01, 4.969796461759725e-01, 3.403011809320247e-01, -3.001010840309302e-01, 2.873021966003425e-02}
			{-7.454927276217241e-02, -5.186094186376159e-01, -1.507668614931360e-02, -3.000630726717570e-01, -3.772040185016491e-01, 4.254351637823183e-02, -6.710102410596318e-01, -2.021730843064967e-01}
			{-1.747162697911324e-01, 2.485405574289236e-01, 3.470337070854808e-02, -4.973623415093516e-01, 5.223874803465196e-02, -8.080869313361810e-01, -4.337187101534606e-02, 3.890627590848481e-02}
alpha_moments_count = 41
alpha_index_basic_count = 25
alpha_index_basic = {{0, 0, 0, 0}, {0, 1, 0, 0}, {0, 0, 1, 0}, {0, 0, 0, 1}, {0, 2, 0, 0}, {0, 1, 1, 0}, {0, 1, 0, 1}, {0, 0, 2, 0}, {0, 0, 1, 1}, {0, 0, 0, 2}, {0, 3, 0, 0}, {0, 2, 1, 0}, {0, 2, 0, 1}, {0, 1, 2, 0}, {0, 1, 1, 1}, {0, 1, 0, 2}, {0, 0, 3, 0}, {0, 0, 2, 1}, {0, 0, 1, 2}, {0, 0, 0, 3}, {1, 0, 0, 0}, {1, 1, 0, 0}, {1, 0, 1, 0}, {1, 0, 0, 1}, {2, 0, 0, 0}}
alpha_index_times_count = 42
alpha_index_times = {{0, 0, 1, 25}, {1, 1, 1, 26}, {2, 2, 1, 26}, {3, 3, 1, 26}, {1, 4, 1, 27}, {2, 5, 1, 27}, {3, 6, 1, 27}, {1, 5, 1, 28}, {2, 7, 1, 28}, {3, 8, 1, 28}, {1, 6, 1, 29}, {2, 8, 1, 29}, {3, 9, 1, 29}, {4, 4, 1, 30}, {5, 5, 2, 30}, {6, 6, 2, 30}, {7, 7, 1, 30}, {8, 8, 2, 30}, {9, 9, 1, 30}, {10, 10, 1, 31}, {11, 11, 3, 31}, {12, 12, 3, 31}, {13, 13, 3, 31}, {14, 14, 6, 31}, {15, 15, 3, 31}, {16, 16, 1, 31}, {17, 17, 3, 31}, {18, 18, 3, 31}, {19, 19, 1, 31}, {0, 20, 1, 32}, {1, 21, 1, 33}, {2, 22, 1, 33}, {3, 23, 1, 33}, {0, 25, 1, 34}, {0, 26, 1, 35}, {0, 30, 1, 36}, {1, 27, 1, 37}, {2, 28, 1, 37}, {3, 29, 1, 37}, {0, 32, 1, 38}, {0, 34, 1, 39}, {0, 35, 1, 40}}
alpha_scalar_moments = 16
alpha_moment_mapping = {0, 20, 24, 25, 26, 30, 31, 32, 33, 34, 35, 36, 37, 38, 39, 40}
species_coeffs = {-2.114154733978165e+00}
moment_coeffs = {7.863383459013543e+00, -6.825266942352556e-01, 3.789816187651831e-01, 1.300500309871367e+01, 3.073754120657149e+00, -2.373555242090327e+00, -1.319806751390227e+00, -1.003062259980235e+00, -7.449529775999938e-01, 8.462817492704549e+00, 1.493595073627022e+00, -9.141098004801246e-02, 6.857775033525372e-01, -7.964032968950112e-01, 2.185270378631097e+00, 3.652489459781105e-01}