MTP
version = 1.1.0
potential_name = MTP1m
scaling = 1.776561411788304e-01
species_count = 1
potential_tag = 
radial_basis_type = RBChebyshev
	min_dist = 2.000000000000000e+00
	max_dist = 5.000000000000000e+00
	radial_basis_size = 8
	radial_funcs_count = 3
	radial_coeffs
		0-0
			{-2.045780757478797e-01, 2.593656815669313e-01, -3.305829280142340e-01, -5.863480421189750e-01, -6.339056823035996e-01, -1.483159609050598e-01, -4.841720251206459e-02, 1.077492029776508e-01}
			{-2.176645443523408e-01, 2.287179118298588e-01, -5.254377841892053e-01, -2.274176638018953e-01, 5.770668097283472e-01, 5.122490223246264e-02, -2.064480281818087e-01, -4.407445081204850e-01}
			{-3.973027905282667e-02, 2.330865960041401e-01, 3.054177089260453e-02, -1.997486432414353e-02, 3.593645478729964e-01, -7.782756914458321e-01, 1.123656553538348e-01, 4.419031310694860e-01}
alpha_moments_count = 41
alpha_index_basic_count = 25
alpha_index_basic = {{0, 0, 0, 0}, {0, 1, 0, 0}, {0, 0, 1, 0}, {0, 0, 0, 1}, {0, 2, 0, 0}, {0, 1, 1, 0}, {0, 1, 0, 1}, {0, 0, 2, 0}, {0, 0, 1, 1}, {0, 0, 0, 2}, {0, 3, 0, 0}, {0, 2, 1, 0}, {0, 2, 0, 1}, {0, 1, 2, 0}, {0, 1, 1, 1}, {0, 1, 0, 2}, {0, 0, 3, 0}, {0, 0, 2, 1}, {0, 0, 1, 2}, {0, 0, 0, 3}, {1, 0, 0, 0}, {1, 1, 0, 0}, {1, 0, 1, 0}, {1, 0, 0, 1}, {2, 0, 0, 0}}
alpha_index_times_count = 42
alpha_index_times = {{0, 0, 1, 25}, {1, 1, 1, 26}, {2, 2, 1, 26}, {3, 3, 1, 26}, {1, 4, 1, 27}, {2, 5, 1, 27}, {3, 6, 1, 27}, {1, 5, 1, 28}, {2, 7, 1, 28}, {3, 8, 1, 28}, {1, 6, 1, 29}, {2, 8, 1, 29}, {3, 9, 1, 29}, {4, 4, 1, 30}, {5, 5, 2, 30}, {6, 6, 2, 30}, {7, 7, 1, 30}, {8, 8, 2, 30}, {9, 9, 1, 30}, {10, 10, 1, 31}, {11, 11, 3, 31}, {12, 12, 3, 31}, {13, 13, 3, 31}, {14, 14, 6, 31}, {15, 15, 3, 31}, {16, 16, 1, 31}, {17, 17, 3, 31}, {18, 18, 3, 31}, {19, 19, 1, 31}, {0, 20, 1, 32}, {1, 21, 1, 33}, {2, 22, 1, 33}, {3, 23, 1, 33}, {0, 25, 1, 34}, {0, 26, 1, 35}, {0, 30, 1, 36}, {1, 27, 1, 37}, {2, 28, 1, 37}, {3, 29, 1, 37}, {0, 32, 1, 38}, {0, 34, 1, 39}, {0, 35, 1, 40}}
alpha_scalar_moments = 16
alpha_moment_mapping = {0, 20, 24, 25, 26, 30, 31, 32, 33, 34, 35, 36, 37, 38, 39, 40}
species_coeffs = {-2.158535011444214e+01}
moment_coeffs = {-6.647449092144343e+01, -1.165585886084335e-01, 9.462499309342988e-02, -9.649425021932797e+01, 1.785461430476572e+01, 1.648256834538485e-01, -6.871675106626626e-02, -2.914302505893888e-01, 8.518565113551987e-02, -6.221681116518852e+01, 3.335135665218307e+01, 9.573544729511546e-02, 6.965922903486603e-02, -1.013594682036318e-01, -1.501949303656596e+01, 1.597778757059295e+01}