MTP
version = 1.1.0
potential_name = MTP1m
scaling = 2.586848261612117e-02
species_count = 1
potential_tag = 
radial_basis_type = RBChebyshev
	min_dist = 2.000000000000000e+00
	max_dist = 5.000000000000000e+00
	radial_basis_size = 8
	radial_funcs_count = 3
	radial_coeffs
		0-0
			{-5.733764326897088e-01, -2.490448192989683e-01, 4.512030759528041e-01, 2.562105006069149e-01, -3.931107447552152e-01, 2.676539787506512e-01, -3.284935426609599e-01, 7.684653338211442e-02}
			{1.360823236479936e-01, 4.641625014176380e-01, 4.445989842781868e-01, -2.660361819541998e-01, -2.207561574828079e-01, -4.610677464047223e-01, -3.711640621300191e-01, -3.138658262381558e-01}
			{-6.006423441168871e-02, 5.088525536790268e-01, 8.611668963195510e-02, 6.098555253103261e-01, 1.227623496367910e-01, 2.571376921853264e-01, 2.699287618655326e-01, -4.517406289688474e-01}
alpha_moments_count = 41
alpha_index_basic_count = 25
alpha_index_basic = {{0, 0, 0, 0}, {0, 1, 0, 0}, {0, 0, 1, 0}, {0, 0, 0, 1}, {0, 2, 0, 0}, {0, 1, 1, 0}, {0, 1, 0, 1}, {0, 0, 2, 0}, {0, 0, 1, 1}, {0, 0, 0, 2}, {0, 3, 0, 0}, {0, 2, 1, 0}, {0, 2, 0, 1}, {0, 1, 2, 0}, {0, 1, 1, 1}, {0, 1, 0, 2}, {0, 0, 3, 0}, {0, 0, 2, 1}, {0, 0, 1, 2}, {0, 0, 0, 3}, {1, 0, 0, 0}, {1, 1, 0, 0}, {1, 0, 1, 0}, {1, 0, 0, 1}, {2, 0, 0, 0}}
alpha_index_times_count = 42
alpha_index_times = {{0, 0, 1, 25}, {1, 1, 1, 26}, {2, 2, 1, 26}, {3, 3, 1, 26}, {1, 4, 1, 27}, {2, 5, 1, 27}, {3, 6, 1, 27}, {1, 5, 1, 28}, {2, 7, 1, 28}, {3, 8, 1, 28}, {1, 6, 1, 29}, {2, 8, 1, 29}, {3, 9, 1, 29}, {4, 4, 1, 30}, {5, 5, 2, 30}, {6, 6, 2, 30}, {7, 7, 1, 30}, {8, 8, 2, 30}, {9, 9, 1, 30}, {10, 10, 1, 31}, {11, 11, 3, 31}, {12, 12, 3, 31}, {13, 13, 3, 31}, {14, 14, 6, 31}, {15, 15, 3, 31}, {16, 16, 1, 31}, {17, 17, 3, 31}, {18, 18, 3, 31}, {19, 19, 1, 31}, {0, 20, 1, 32}, {1, 21, 1, 33}, {2, 22, 1, 33}, {3, 23, 1, 33}, {0, 25, 1, 34}, {0, 26, 1, 35}, {0, 30, 1, 36}, {1, 27, 1, 37}, {2, 28, 1, 37}, {3, 29, 1, 37}, {0, 32, 1, 38}, {0, 34, 1, 39}, {0, 35, 1, 40}}
alpha_scalar_moments = 16
alpha_moment_mapping = {0, 20, 24, 25, 26, 30, 31, 32, 33, 34, 35, 36, 37, 38, 39, 40}
species_coeffs = {-5.524462156893184e+00}
moment_coeffs = {-9.515811732925613e-01, -4.350051050346995e-02, -1.597985167663848e-01, 1.343396673908911e+00, -5.146840640334773e-02, 1.755601798268705e+00, -2.183082632083289e-01, -1.411384774997706e+00, -2.310955520771075e-01, 3.019398979947387e-01, 2.961624908316358e+00, -4.151863778785787e+00, -3.172838679138121e+00, 4.729405489127042e+00, -1.459239166876843e+00, 1.606640090683747e+00}