MTP
version = 1.1.0
potential_name = MTP1m
scaling = 4.097567646393594e-02
species_count = 1
potential_tag = 
radial_basis_type = RBChebyshev
	min_dist = 2.000000000000000e+00
	max_dist = 5.000000000000000e+00
	radial_basis_size = 8
	radial_funcs_count = 3
	radial_coeffs
		0-0
			{-6.238448834795223e-01, 1.274821307422590e-02, -3.999739450635974e-01, 7.180470043832614e-02, 5.109145625719807e-03, -3.616822805623336e-01, -4.655651204875685e-01, 3.129359599481347e-01}
			{3.064454773301403e-01, -5.332895284670197e-01, -4.882779307771707e-01, 3.046691314930621e-01, -1.261621256990893e-01, 6.771941819401145e-03, 3.156639091290194e-01, 4.181487598917660e-01}
			{-5.068346040348684e-01, -5.513478476635363e-01, 3.026845692237660e-01, -1.203532905136185e-01, 4.484348671061007e-01, 1.181865160334223e-02, 3.619049172021235e-01, -2.868260080098680e-02}
alpha_moments_count = 41
alpha_index_basic_count = 25
alpha_index_basic = {{0, 0, 0, 0}, {0, 1, 0, 0}, {0, 0, 1, 0}, {0, 0, 0, 1}, {0, 2, 0, 0}, {0, 1, 1, 0}, {0, 1, 0, 1}, {0, 0, 2, 0}, {0, 0, 1, 1}, {0, 0, 0, 2}, {0, 3, 0, 0}, {0, 2, 1, 0}, {0, 2, 0, 1}, {0, 1, 2, 0}, {0, 1, 1, 1}, {0, 1, 0, 2}, {0, 0, 3, 0}, {0, 0, 2, 1}, {0, 0, 1, 2}, {0, 0, 0, 3}, {1, 0, 0, 0}, {1, 1, 0, 0}, {1, 0, 1, 0}, {1, 0, 0, 1}, {2, 0, 0, 0}}
alpha_index_times_count = 42
alpha_index_times = {{0, 0, 1, 25}, {1, 1, 1, 26}, {2, 2, 1, 26}, {3, 3, 1, 26}, {1, 4, 1, 27}, {2, 5, 1, 27}, {3, 6, 1, 27}, {1, 5, 1, 28}, {2, 7, 1, 28}, {3, 8, 1, 28}, {1, 6, 1, 29}, {2, 8, 1, 29}, {3, 9, 1, 29}, {4, 4, 1, 30}, {5, 5, 2, 30}, {6, 6, 2, 30}, {7, 7, 1, 30}, {8, 8, 2, 30}, {9, 9, 1, 30}, {10, 10, 1, 31}, {11, 11, 3, 31}, {12, 12, 3, 31}, {13, 13, 3, 31}, {14, 14, 6, 31}, {15, 15, 3, 31}, {16, 16, 1, 31}, {17, 17, 3, 31}, {18, 18, 3, 31}, {19, 19, 1, 31}, {0, 20, 1, 32}, {1, 21, 1, 33}, {2, 22, 1, 33}, {3, 23, 1, 33}, {0, 25, 1, 34}, {0, 26, 1, 35}, {0, 30, 1, 36}, {1, 27, 1, 37}, {2, 28, 1, 37}, {3, 29, 1, 37}, {0, 32, 1, 38}, {0, 34, 1, 39}, {0, 35, 1, 40}}
alpha_scalar_moments = 16
alpha_moment_mapping = {0, 20, 24, 25, 26, 30, 31, 32, 33, 34, 35, 36, 37, 38, 39, 40}
species_coeffs = {-1.712308300867882e+01}
moment_coeffs = {-1.087085102963030e+01, 2.536282903767293e+01, 4.246991854788591e-01, 8.775775263731600e+00, 5.581783699811836e+01, -1.433579388185320e+01, -1.233509720059298e+00, 3.346497325862080e+01, 1.617596226405767e-01, 7.664242899340507e+00, 6.178230578468958e+01, -7.546381104615810e+00, 5.331322977838050e+00, 1.112419242288666e+01, 8.768831046111745e-01, 1.862330410296079e+01}