MTP
version = 1.1.0
potential_name = MTP1m
scaling = 1.976064644287034e-02
species_count = 1
potential_tag = 
radial_basis_type = RBChebyshev
	min_dist = 2.000000000000000e+00
	max_dist = 5.000000000000000e+00
	radial_basis_size = 8
	radial_funcs_count = 3
	radial_coeffs
		0-0
			{-5.429945711338161e-01, -1.947043676538256e-01, -2.803234813407665e-01, -3.439353810611280e-01, 2.835580754702513e-02, 3.178019377554211e-01, -3.441613029651854e-01, 5.001251620120888e-01}
			{2.188502885910049e-01, 5.871437280548045e-01, -1.622473898969698e-01, 2.045459464254970e-01, -2.467029010120811e-01, 6.152906661792126e-01, -3.073869157518284e-01, -7.260779594231129e-02}
			{-2.110039301881259e-01, 6.108346659502542e-01, 4.406115036701358e-01, 4.394719641683885e-02, 2.802701823060738e-01, -3.679883978952185e-01, -2.299580315553730e-01, 3.456023233820286e-01}
alpha_moments_count = 41
alpha_index_basic_count = 25
alpha_index_basic = {{0, 0, 0, 0}, {0, 1, 0, 0}, {0, 0, 1, 0}, {0, 0, 0, 1}, {0, 2, 0, 0}, {0, 1, 1, 0}, {0, 1, 0, 1}, {0, 0, 2, 0}, {0, 0, 1, 1}, {0, 0, 0, 2}, {0, 3, 0, 0}, {0, 2, 1, 0}, {0, 2, 0, 1}, {0, 1, 2, 0}, {0, 1, 1, 1}, {0, 1, 0, 2}, {0, 0, 3, 0}, {0, 0, 2, 1}, {0, 0, 1, 2}, {0, 0, 0, 3}, {1, 0, 0, 0}, {1, 1, 0, 0}, {1, 0, 1, 0}, {1, 0, 0, 1}, {2, 0, 0, 0}}
alpha_index_times_count = 42
alpha_index_times = {{0, 0, 1, 25}, {1, 1, 1, 26}, {2, 2, 1, 26}, {3, 3, 1, 26}, {1, 4, 1, 27}, {2, 5, 1, 27}, {3, 6, 1, 27}, {1, 5, 1, 28}, {2, 7, 1, 28}, {3, 8, 1, 28}, {1, 6, 1, 29}, {2, 8, 1, 29}, {3, 9, 1, 29}, {4, 4, 1, 30}, {5, 5, 2, 30}, {6, 6, 2, 30}, {7, 7, 1, 30}, {8, 8, 2, 30}, {9, 9, 1, 30}, {10, 10, 1, 31}, {11, 11, 3, 31}, {12, 12, 3, 31}, {13, 13, 3, 31}, {14, 14, 6, 31}, {15, 15, 3, 31}, {16, 16, 1, 31}, {17, 17, 3, 31}, {18, 18, 3, 31}, {19, 19, 1, 31}, {0, 20, 1, 32}, {1, 21, 1, 33}, {2, 22, 1, 33}, {3, 23, 1, 33}, {0, 25, 1, 34}, {0, 26, 1, 35}, {0, 30, 1, 36}, {1, 27, 1, 37}, {2, 28, 1, 37}, {3, 29, 1, 37}, {0, 32, 1, 38}, {0, 34, 1, 39}, {0, 35, 1, 40}}
alpha_scalar_moments = 16
alpha_moment_mapping = {0, 20, 24, 25, 26, 30, 31, 32, 33, 34, 35, 36, 37, 38, 39, 40}
species_coeffs = {-6.220422102213917e+00}
moment_coeffs = {6.997504840791307e+00, -6.403953860219123e+00, -7.666723975624698e+00, 7.349129138564741e+00, 3.020841007490542e+00, -1.360923133430302e+00, -3.606347973681042e+00, -7.927514451843152e-01, 3.036566536560625e+00, 5.232036361720153e+00, 8.587008686236622e+00, -9.142133837832757e+00, 3.043997219741946e+00, -5.646621710707919e+00, 6.396809039454484e-01, 2.592876131416590e+00}