MTP
version = 1.1.0
potential_name = MTP1m
scaling = 2.608405330458885e-02
species_count = 1
potential_tag = 
radial_basis_type = RBChebyshev
	min_dist = 2.000000000000000e+00
	max_dist = 5.000000000000000e+00
	radial_basis_size = 8
	radial_funcs_count = 3
	radial_coeffs
		0-0
			{-6.035302905119886e-01, -1.034172266237924e-01, 2.216140792199900e-01, -4.604808782322009e-01, -1.914744672241585e-01, 4.135132268576930e-01, -7.353605799512303e-02, 3.883779259116504e-01}
			{3.938437075506195e-01, -5.479304156308338e-01, -2.046953981482693e-01, 3.070028490349774e-01, -3.735489076965037e-02, 3.913543342986242e-01, -6.159082980021509e-02, 5.001613783135613e-01}
			{-3.303029534229082e-01, 2.719910462388253e-02, -8.742716924344077e-01, 2.296073214065169e-02, -1.187225817159491e-01, 1.374317348292509e-01, -2.055443561348662e-01, -2.237207276244887e-01}
alpha_moments_count = 41
alpha_index_basic_count = 25
alpha_index_basic = {{0, 0, 0, 0}, {0, 1, 0, 0}, {0, 0, 1, 0}, {0, 0, 0, 1}, {0, 2, 0, 0}, {0, 1, 1, 0}, {0, 1, 0, 1}, {0, 0, 2, 0}, {0, 0, 1, 1}, {0, 0, 0, 2}, {0, 3, 0, 0}, {0, 2, 1, 0}, {0, 2, 0, 1}, {0, 1, 2, 0}, {0, 1, 1, 1}, {0, 1, 0, 2}, {0, 0, 3, 0}, {0, 0, 2, 1}, {0, 0, 1, 2}, {0, 0, 0, 3}, {1, 0, 0, 0}, {1, 1, 0, 0}, {1, 0, 1, 0}, {1, 0, 0, 1}, {2, 0, 0, 0}}
alpha_index_times_count = 42
alpha_index_times = {{0, 0, 1, 25}, {1, 1, 1, 26}, {2, 2, 1, 26}, {3, 3, 1, 26}, {1, 4, 1, 27}, {2, 5, 1, 27}, {3, 6, 1, 27}, {1, 5, 1, 28}, {2, 7, 1, 28}, {3, 8, 1, 28}, {1, 6, 1, 29}, {2, 8, 1, 29}, {3, 9, 1, 29}, {4, 4, 1, 30}, {5, 5, 2, 30}, {6, 6, 2, 30}, {7, 7, 1, 30}, {8, 8, 2, 30}, {9, 9, 1, 30}, {10, 10, 1, 31}, {11, 11, 3, 31}, {12, 12, 3, 31}, {13, 13, 3, 31}, {14, 14, 6, 31}, {15, 15, 3, 31}, {16, 16, 1, 31}, {17, 17, 3, 31}, {18, 18, 3, 31}, {19, 19, 1, 31}, {0, 20, 1, 32}, {1, 21, 1, 33}, {2, 22, 1, 33}, {3, 23, 1, 33}, {0, 25, 1, 34}, {0, 26, 1, 35}, {0, 30, 1, 36}, {1, 27, 1, 37}, {2, 28, 1, 37}, {3, 29, 1, 37}, {0, 32, 1, 38}, {0, 34, 1, 39}, {0, 35, 1, 40}}
alpha_scalar_moments = 16
alpha_moment_mapping = {0, 20, 24, 25, 26, 30, 31, 32, 33, 34, 35, 36, 37, 38, 39, 40}
species_coeffs = {-4.543924890314507e+00}
moment_coeffs = {1.354801972215375e+01, -4.274927353825683e-01, -6.576882403579007e-01, 3.437437933176726e+01, 7.604234943852306e+00, 3.065745220802770e-01, -5.894111399053970e+00, -7.651150235278909e+00, -2.251912198110092e+00, 2.719572582773934e+01, 9.000757882956403e+00, -7.371518254025059e+00, -3.633624578814564e+00, -1.285094938454096e+01, 7.462112963620785e+00, 6.834422158239129e+00}