MTP
version = 1.1.0
potential_name = MTP1m
scaling = 5.408789293239544e-02
species_count = 1
potential_tag = 
radial_basis_type = RBChebyshev
	min_dist = 2.000000000000000e+00
	max_dist = 5.000000000000000e+00
	radial_basis_size = 8
	radial_funcs_count = 3
	radial_coeffs
		0-0
			{2.156473927362261e-02, -8.539066619101914e-01, -4.306517980152345e-01, 1.434007206815000e-02, 8.360685000886441e-02, -2.095079770863615e-01, -7.266141286717399e-02, -1.689626775761528e-01}
			{-5.412893280194688e-01, 2.877395410562141e-01, -5.335605482091818e-01, -4.990246621031456e-01, 1.026988165575404e-01, -8.144706971644486e-02, 2.250056931546737e-01, -1.506356964760353e-01}
			{-3.251485245258200e-01, -2.038732424420721e-01, 2.174626681895052e-02, -4.266939174229821e-02, -6.902647654706904e-01, 5.937240204473087e-01, -1.037652617836422e-01, -1.033424967918250e-01}
alpha_moments_count = 41
alpha_index_basic_count = 25
alpha_index_basic = {{0, 0, 0, 0}, {0, 1, 0, 0}, {0, 0, 1, 0}, {0, 0, 0, 1}, {0, 2, 0, 0}, {0, 1, 1, 0}, {0, 1, 0, 1}, {0, 0, 2, 0}, {0, 0, 1, 1}, {0, 0, 0, 2}, {0, 3, 0, 0}, {0, 2, 1, 0}, {0, 2, 0, 1}, {0, 1, 2, 0}, {0, 1, 1, 1}, {0, 1, 0, 2}, {0, 0, 3, 0}, {0, 0, 2, 1}, {0, 0, 1, 2}, {0, 0, 0, 3}, {1, 0, 0, 0}, {1, 1, 0, 0}, {1, 0, 1, 0}, {1, 0, 0, 1}, {2, 0, 0, 0}}
alpha_index_times_count = 42
alpha_index_times = {{0, 0, 1, 25}, {1, 1, 1, 26}, {2, 2, 1, 26}, {3, 3, 1, 26}, {1, 4, 1, 27}, {2, 5, 1, 27}, {3, 6, 1, 27}, {1, 5, 1, 28}, {2, 7, 1, 28}, {3, 8, 1, 28}, {1, 6, 1, 29}, {2, 8, 1, 29}, {3, 9, 1, 29}, {4, 4, 1, 30}, {5, 5, 2, 30}, {6, 6, 2, 30}, {7, 7, 1, 30}, {8, 8, 2, 30}, {9, 9, 1, 30}, {10, 10, 1, 31}, {11, 11, 3, 31}, {12, 12, 3, 31}, {13, 13, 3, 31}, {14, 14, 6, 31}, {15, 15, 3, 31}, {16, 16, 1, 31}, {17, 17, 3, 31}, {18, 18, 3, 31}, {19, 19, 1, 31}, {0, 20, 1, 32}, {1, 21, 1, 33}, {2, 22, 1, 33}, {3, 23, 1, 33}, {0, 25, 1, 34}, {0, 26, 1, 35}, {0, 30, 1, 36}, {1, 27, 1, 37}, {2, 28, 1, 37}, {3, 29, 1, 37}, {0, 32, 1, 38}, {0, 34, 1, 39}, {0, 35, 1, 40}}
alpha_scalar_moments = 16
alpha_moment_mapping = {0, 20, 24, 25, 26, 30, 31, 32, 33, 34, 35, 36, 37, 38, 39, 40}
species_coeffs = {1.056514892867083e+00}
moment_coeffs = {-2.115429578765229e+01, 1.123148518314314e+00, -4.067108794418801e-01, 2.861104636440457e+01, -5.129227853252705e+00, 4.648776195752895e+00, -1.729923609650549e+00, -2.584583520475495e+00, -1.686656664507536e+00, -1.743555599742650e+01, 2.257611924294655e+01, -4.680491826965033e+00, -1.945833277311802e+00, 1.690005446442159e+00, 4.556812096483597e+00, -1.440522203793905e+01}