MTP
version = 1.1.0
potential_name = MTP1m
scaling = 4.097567646393595e-02
species_count = 1
potential_tag = 
radial_basis_type = RBChebyshev
	min_dist = 2.000000000000000e+00
	max_dist = 5.000000000000000e+00
	radial_basis_size = 8
	radial_funcs_count = 3
	radial_coeffs
		0-0
			{6.400127722742182e-01, 3.885192433962122e-01, -3.850595518107244e-01, 3.470704886584460e-01, 1.387537237696798e-03, -1.862040092040582e-01, 3.042161903661219e-01, -2.085337303993979e-01}
			{3.182777696356902e-01, 3.983558456574283e-01, -4.568176739943892e-02, -7.307310336161098e-01, -1.725973349231436e-01, -3.768928225659299e-02, -4.154032674127759e-01, 1.367540957639032e-02}
			{-4.439822260177960e-01, 5.741851056615402e-01, -2.832671424197387e-01, 2.260460326164579e-01, 4.020597800063368e-01, 2.247747408351481e-01, -3.466902073975729e-01, -9.738743789020926e-02}
alpha_moments_count = 41
alpha_index_basic_count = 25
alpha_index_basic = {{0, 0, 0, 0}, {0, 1, 0, 0}, {0, 0, 1, 0}, {0, 0, 0, 1}, {0, 2, 0, 0}, {0, 1, 1, 0}, {0, 1, 0, 1}, {0, 0, 2, 0}, {0, 0, 1, 1}, {0, 0, 0, 2}, {0, 3, 0, 0}, {0, 2, 1, 0}, {0, 2, 0, 1}, {0, 1, 2, 0}, {0, 1, 1, 1}, {0, 1, 0, 2}, {0, 0, 3, 0}, {0, 0, 2, 1}, {0, 0, 1, 2}, {0, 0, 0, 3}, {1, 0, 0, 0}, {1, 1, 0, 0}, {1, 0, 1, 0}, {1, 0, 0, 1}, {2, 0, 0, 0}}
alpha_index_times_count = 42
alpha_index_times = {{0, 0, 1, 25}, {1, 1, 1, 26}, {2, 2, 1, 26}, {3, 3, 1, 26}, {1, 4, 1, 27}, {2, 5, 1, 27}, {3, 6, 1, 27}, {1, 5, 1, 28}, {2, 7, 1, 28}, {3, 8, 1, 28}, {1, 6, 1, 29}, {2, 8, 1, 29}, {3, 9, 1, 29}, {4, 4, 1, 30}, {5, 5, 2, 30}, {6, 6, 2, 30}, {7, 7, 1, 30}, {8, 8, 2, 30}, {9, 9, 1, 30}, {10, 10, 1, 31}, {11, 11, 3, 31}, {12, 12, 3, 31}, {13, 13, 3, 31}, {14, 14, 6, 31}, {15, 15, 3, 31}, {16, 16, 1, 31}, {17, 17, 3, 31}, {18, 18, 3, 31}, {19, 19, 1, 31}, {0, 20, 1, 32}, {1, 21, 1, 33}, {2, 22, 1, 33}, {3, 23, 1, 33}, {0, 25, 1, 34}, {0, 26, 1, 35}, {0, 30, 1, 36}, {1, 27, 1, 37}, {2, 28, 1, 37}, {3, 29, 1, 37}, {0, 32, 1, 38}, {0, 34, 1, 39}, {0, 35, 1, 40}}
alpha_scalar_moments = 16
alpha_moment_mapping = {0, 20, 24, 25, 26, 30, 31, 32, 33, 34, 35, 36, 37, 38, 39, 40}
species_coeffs = {-7.303372878305895e+00}
moment_coeffs = {-3.701233133458372e-01, 5.456601098189173e-01, -6.484846993796485e-01, 1.255766393576762e+00, 5.787648903860457e-01, 4.371156461285988e-02, 2.555419346436332e+00, 2.012756964449526e+00, -1.765249403401682e+00, -3.319025095560149e-02, -9.493840018317510e+00, 1.761910422278893e-01, 1.560894163037621e+00, -1.269565127760119e+00, -1.783682528485708e-01, 6.173800496782695e+00}