MTP
version = 1.1.0
potential_name = MTP1m
scaling = 3.725061496721449e-02
species_count = 1
potential_tag = 
radial_basis_type = RBChebyshev
	min_dist = 2.000000000000000e+00
	max_dist = 5.000000000000000e+00
	radial_basis_size = 8
	radial_funcs_count = 3
	radial_coeffs
		0-0
			{-3.054334620050639e-01, -2.707758196252072e-01, 4.673851679918183e-01, 1.251124945270719e-01, 4.382240510389082e-01, -4.898585027562701e-01, 2.526444067662141e-01, -3.216488077804007e-01}
			{-3.391909643609384e-02, 3.844356312120929e-01, -3.670302117935322e-01, -1.266877480350140e-01, -3.812751550871186e-01, -4.070021771099377e-01, 4.845611028246232e-01, -3.930353664119554e-01}
			{3.648085358534512e-01, 5.245344349167564e-01, 4.139296399363344e-01, -2.536588729970022e-01, 9.399699012790749e-02, -8.791889428546208e-02, -4.467352085893264e-01, -3.741126495699584e-01}
alpha_moments_count = 41
alpha_index_basic_count = 25
alpha_index_basic = {{0, 0, 0, 0}, {0, 1, 0, 0}, {0, 0, 1, 0}, {0, 0, 0, 1}, {0, 2, 0, 0}, {0, 1, 1, 0}, {0, 1, 0, 1}, {0, 0, 2, 0}, {0, 0, 1, 1}, {0, 0, 0, 2}, {0, 3, 0, 0}, {0, 2, 1, 0}, {0, 2, 0, 1}, {0, 1, 2, 0}, {0, 1, 1, 1}, {0, 1, 0, 2}, {0, 0, 3, 0}, {0, 0, 2, 1}, {0, 0, 1, 2}, {0, 0, 0, 3}, {1, 0, 0, 0}, {1, 1, 0, 0}, {1, 0, 1, 0}, {1, 0, 0, 1}, {2, 0, 0, 0}}
alpha_index_times_count = 42
alpha_index_times = {{0, 0, 1, 25}, {1, 1, 1, 26}, {2, 2, 1, 26}, {3, 3, 1, 26}, {1, 4, 1, 27}, {2, 5, 1, 27}, {3, 6, 1, 27}, {1, 5, 1, 28}, {2, 7, 1, 28}, {3, 8, 1, 28}, {1, 6, 1, 29}, {2, 8, 1, 29}, {3, 9, 1, 29}, {4, 4, 1, 30}, {5, 5, 2, 30}, {6, 6, 2, 30}, {7, 7, 1, 30}, {8, 8, 2, 30}, {9, 9, 1, 30}, {10, 10, 1, 31}, {11, 11, 3, 31}, {12, 12, 3, 31}, {13, 13, 3, 31}, {14, 14, 6, 31}, {15, 15, 3, 31}, {16, 16, 1, 31}, {17, 17, 3, 31}, {18, 18, 3, 31}, {19, 19, 1, 31}, {0, 20, 1, 32}, {1, 21, 1, 33}, {2, 22, 1, 33}, {3, 23, 1, 33}, {0, 25, 1, 34}, {0, 26, 1, 35}, {0, 30, 1, 36}, {1, 27, 1, 37}, {2, 28, 1, 37}, {3, 29, 1, 37}, {0, 32, 1, 38}, {0, 34, 1, 39}, {0, 35, 1, 40}}
alpha_scalar_moments = 16
alpha_moment_mapping = {0, 20, 24, 25, 26, 30, 31, 32, 33, 34, 35, 36, 37, 38, 39, 40}
species_coeffs = {-7.366329104779303e+00}
moment_coeffs = {1.868756557052967e-01, 5.295119396030747e+00, 1.996572918537648e+00, 1.574090683295723e+00, 8.381129289873728e+00, -3.498144241264801e+00, -5.040835871000413e+00, 1.087277114916006e+00, 5.123986136273027e+00, -5.645487441301204e-01, -2.192262231966706e-01, -4.917690172950375e+00, 6.253652116458769e+00, -8.453847209096675e-01, -1.064402728354479e+00, -4.192371284923208e+00}