MTP
version = 1.1.0
potential_name = MTP1m
scaling = 1.121566547846152e-01
species_count = 1
potential_tag = 
radial_basis_type = RBChebyshev
	min_dist = 2.000000000000000e+00
	max_dist = 5.000000000000000e+00
	radial_basis_size = 8
	radial_funcs_count = 3
	radial_coeffs
		0-0
			{2.297613746352856e-01, 7.638201189454702e-01, 4.439169154018027e-01, -3.827800144912591e-01, -1.308461001949760e-01, 1.099072665783509e-02, 3.693669226486113e-03, -5.431967732780157e-02}
			{3.808413754229426e-03, 4.364269242093403e-01, -8.838683530256201e-01, -1.439213042179519e-01, -4.285753537895261e-02, 4.849123610621726e-02, 8.920240182712747e-03, 5.755596162908384e-02}
			{-2.368109392349164e-01, -2.150490999334721e-01, 1.805501010153660e-03, -6.809614888838373e-01, 1.308946028895920e-01, -4.399258924221294e-01, 2.507806786399488e-01, 4.005040786703001e-01}
alpha_moments_count = 41
alpha_index_basic_count = 25
alpha_index_basic = {{0, 0, 0, 0}, {0, 1, 0, 0}, {0, 0, 1, 0}, {0, 0, 0, 1}, {0, 2, 0, 0}, {0, 1, 1, 0}, {0, 1, 0, 1}, {0, 0, 2, 0}, {0, 0, 1, 1}, {0, 0, 0, 2}, {0, 3, 0, 0}, {0, 2, 1, 0}, {0, 2, 0, 1}, {0, 1, 2, 0}, {0, 1, 1, 1}, {0, 1, 0, 2}, {0, 0, 3, 0}, {0, 0, 2, 1}, {0, 0, 1, 2}, {0, 0, 0, 3}, {1, 0, 0, 0}, {1, 1, 0, 0}, {1, 0, 1, 0}, {1, 0, 0, 1}, {2, 0, 0, 0}}
alpha_index_times_count = 42
alpha_index_times = {{0, 0, 1, 25}, {1, 1, 1, 26}, {2, 2, 1, 26}, {3, 3, 1, 26}, {1, 4, 1, 27}, {2, 5, 1, 27}, {3, 6, 1, 27}, {1, 5, 1, 28}, {2, 7, 1, 28}, {3, 8, 1, 28}, {1, 6, 1, 29}, {2, 8, 1, 29}, {3, 9, 1, 29}, {4, 4, 1, 30}, {5, 5, 2, 30}, {6, 6, 2, 30}, {7, 7, 1, 30}, {8, 8, 2, 30}, {9, 9, 1, 30}, {10, 10, 1, 31}, {11, 11, 3, 31}, {12, 12, 3, 31}, {13, 13, 3, 31}, {14, 14, 6, 31}, {15, 15, 3, 31}, {16, 16, 1, 31}, {17, 17, 3, 31}, {18, 18, 3, 31}, {19, 19, 1, 31}, {0, 20, 1, 32}, {1, 21, 1, 33}, {2, 22, 1, 33}, {3, 23, 1, 33}, {0, 25, 1, 34}, {0, 26, 1, 35}, {0, 30, 1, 36}, {1, 27, 1, 37}, {2, 28, 1, 37}, {3, 29, 1, 37}, {0, 32, 1, 38}, {0, 34, 1, 39}, {0, 35, 1, 40}}
alpha_scalar_moments = 16
alpha_moment_mapping = {0, 20, 24, 25, 26, 30, 31, 32, 33, 34, 35, 36, 37, 38, 39, 40}
species_coeffs = {-4.516014915982300e+00}
moment_coeffs = {1.213293574314172e-02, -3.315103262406293e-01, 1.124698379498759e-01, 5.357579831452873e-01, 9.176685152315212e-01, 9.025535224714841e-01, -1.063221321979434e+00, -2.450794368768449e-01, 6.500935420075341e-01, 9.121502681605491e-01, -5.632773469959025e+00, 1.019935407018512e+00, 9.742801288286548e-01, 1.298607656293260e-01, 5.377332281986766e-01, -6.954326125680947e+00}