MTP
version = 1.1.0
potential_name = MTP1m
scaling = 4.958056852136249e-02
species_count = 1
potential_tag = 
radial_basis_type = RBChebyshev
	min_dist = 2.000000000000000e+00
	max_dist = 5.000000000000000e+00
	radial_basis_size = 8
	radial_funcs_count = 3
	radial_coeffs
		0-0
			{4.791633314698268e-01, -5.030569637569092e-01, 5.130373140900835e-02, -2.384033063774746e-02, -5.220316801226776e-01, -3.178894126326259e-01, 3.739726141001458e-01, -2.663621888507738e-02}
			{2.790319393579866e-01, -3.134999184455632e-01, 2.601136477845756e-01, 1.333370058273768e-01, -1.933621996746545e-01, 4.434709289982339e-01, -6.863744439635013e-01, 1.823618046909902e-01}
			{1.406500958377634e-01, -4.720295969740602e-01, -9.108339820090916e-02, -1.310032235014648e-01, 6.767251030664122e-01, -6.350831109799031e-02, 1.157113238864877e-01, 5.065257132183966e-01}
alpha_moments_count = 41
alpha_index_basic_count = 25
alpha_index_basic = {{0, 0, 0, 0}, {0, 1, 0, 0}, {0, 0, 1, 0}, {0, 0, 0, 1}, {0, 2, 0, 0}, {0, 1, 1, 0}, {0, 1, 0, 1}, {0, 0, 2, 0}, {0, 0, 1, 1}, {0, 0, 0, 2}, {0, 3, 0, 0}, {0, 2, 1, 0}, {0, 2, 0, 1}, {0, 1, 2, 0}, {0, 1, 1, 1}, {0, 1, 0, 2}, {0, 0, 3, 0}, {0, 0, 2, 1}, {0, 0, 1, 2}, {0, 0, 0, 3}, {1, 0, 0, 0}, {1, 1, 0, 0}, {1, 0, 1, 0}, {1, 0, 0, 1}, {2, 0, 0, 0}}
alpha_index_times_count = 42
alpha_index_times = {{0, 0, 1, 25}, {1, 1, 1, 26}, {2, 2, 1, 26}, {3, 3, 1, 26}, {1, 4, 1, 27}, {2, 5, 1, 27}, {3, 6, 1, 27}, {1, 5, 1, 28}, {2, 7, 1, 28}, {3, 8, 1, 28}, {1, 6, 1, 29}, {2, 8, 1, 29}, {3, 9, 1, 29}, {4, 4, 1, 30}, {5, 5, 2, 30}, {6, 6, 2, 30}, {7, 7, 1, 30}, {8, 8, 2, 30}, {9, 9, 1, 30}, {10, 10, 1, 31}, {11, 11, 3, 31}, {12, 12, 3, 31}, {13, 13, 3, 31}, {14, 14, 6, 31}, {15, 15, 3, 31}, {16, 16, 1, 31}, {17, 17, 3, 31}, {18, 18, 3, 31}, {19, 19, 1, 31}, {0, 20, 1, 32}, {1, 21, 1, 33}, {2, 22, 1, 33}, {3, 23, 1, 33}, {0, 25, 1, 34}, {0, 26, 1, 35}, {0, 30, 1, 36}, {1, 27, 1, 37}, {2, 28, 1, 37}, {3, 29, 1, 37}, {0, 32, 1, 38}, {0, 34, 1, 39}, {0, 35, 1, 40}}
alpha_scalar_moments = 16
alpha_moment_mapping = {0, 20, 24, 25, 26, 30, 31, 32, 33, 34, 35, 36, 37, 38, 39, 40}
species_coeffs = {-3.577271472394671e+00}
moment_coeffs = {-5.385475350367331e+00, 1.566081398574271e-01, 2.422325548476992e-01, 9.254007150214845e+00, 3.858353055388516e+00, -5.471779602878428e-01, -9.978100609644509e-01, -5.757398045122183e-01, 2.039124888170645e-01, -5.376421559592566e+00, -3.351614693781161e+00, -2.902648691436761e-01, -3.774504037384634e-01, 9.329516779942679e-02, 1.116463139830098e+00, 1.054230475683851e+00}