MTP
version = 1.1.0
potential_name = MTP1m
scaling = 4.876444141162622e-02
species_count = 1
potential_tag = 
radial_basis_type = RBChebyshev
	min_dist = 2.000000000000000e+00
	max_dist = 5.000000000000000e+00
	radial_basis_size = 8
	radial_funcs_count = 3
	radial_coeffs
		0-0
			{-7.050299400411969e-02, -3.459534426616441e-01, 4.863386693897448e-01, 4.188884206533950e-01, 3.547472091629831e-01, -5.206217522502539e-01, 2.420036936583277e-01, 8.885017263013549e-02}
			{4.118928997131259e-01, -3.533634702967957e-02, -2.582552121379289e-01, -1.980561395633282e-01, 5.220444103484370e-01, -1.583084019551044e-01, -3.714232439436125e-01, 5.363081663392358e-01}
			{-1.856103971993677e-01, -2.305182761173763e-01, 5.949442191349642e-01, -1.298072638584621e-01, 1.616189298529138e-01, 5.003881431293656e-01, -5.148713494011210e-01, -2.751171507971960e-04}
alpha_moments_count = 41
alpha_index_basic_count = 25
alpha_index_basic = {{0, 0, 0, 0}, {0, 1, 0, 0}, {0, 0, 1, 0}, {0, 0, 0, 1}, {0, 2, 0, 0}, {0, 1, 1, 0}, {0, 1, 0, 1}, {0, 0, 2, 0}, {0, 0, 1, 1}, {0, 0, 0, 2}, {0, 3, 0, 0}, {0, 2, 1, 0}, {0, 2, 0, 1}, {0, 1, 2, 0}, {0, 1, 1, 1}, {0, 1, 0, 2}, {0, 0, 3, 0}, {0, 0, 2, 1}, {0, 0, 1, 2}, {0, 0, 0, 3}, {1, 0, 0, 0}, {1, 1, 0, 0}, {1, 0, 1, 0}, {1, 0, 0, 1}, {2, 0, 0, 0}}
alpha_index_times_count = 42
alpha_index_times = {{0, 0, 1, 25}, {1, 1, 1, 26}, {2, 2, 1, 26}, {3, 3, 1, 26}, {1, 4, 1, 27}, {2, 5, 1, 27}, {3, 6, 1, 27}, {1, 5, 1, 28}, {2, 7, 1, 28}, {3, 8, 1, 28}, {1, 6, 1, 29}, {2, 8, 1, 29}, {3, 9, 1, 29}, {4, 4, 1, 30}, {5, 5, 2, 30}, {6, 6, 2, 30}, {7, 7, 1, 30}, {8, 8, 2, 30}, {9, 9, 1, 30}, {10, 10, 1, 31}, {11, 11, 3, 31}, {12, 12, 3, 31}, {13, 13, 3, 31}, {14, 14, 6, 31}, {15, 15, 3, 31}, {16, 16, 1, 31}, {17, 17, 3, 31}, {18, 18, 3, 31}, {19, 19, 1, 31}, {0, 20, 1, 32}, {1, 21, 1, 33}, {2, 22, 1, 33}, {3, 23, 1, 33}, {0, 25, 1, 34}, {0, 26, 1, 35}, {0, 30, 1, 36}, {1, 27, 1, 37}, {2, 28, 1, 37}, {3, 29, 1, 37}, {0, 32, 1, 38}, {0, 34, 1, 39}, {0, 35, 1, 40}}
alpha_scalar_moments = 16
alpha_moment_mapping = {0, 20, 24, 25, 26, 30, 31, 32, 33, 34, 35, 36, 37, 38, 39, 40}
species_coeffs = {-2.433075715509797e+00}
moment_coeffs = {1.032470527586731e+00, 1.134429733694179e+00, 2.821231541741184e-02, -3.157437151545774e-01, -8.910281526103948e-01, -8.762152324712437e-01, -8.771280495569160e-01, -2.300894467948481e-01, 3.059750768643197e+00, 1.371570587252240e-02, 1.458505124868982e+00, 6.156648516134486e-02, 4.861749129392079e-01, -2.993283744253666e-01, 8.469357660411375e-02, -2.387396170193893e+00}