MTP
version = 1.1.0
potential_name = MTP1m
scaling = 7.080596892968127e-02
species_count = 1
potential_tag = 
radial_basis_type = RBChebyshev
	min_dist = 2.000000000000000e+00
	max_dist = 5.000000000000000e+00
	radial_basis_size = 8
	radial_funcs_count = 3
	radial_coeffs
		0-0
			{5.175013616653541e-01, -1.400140244988737e-02, 1.216686061027260e-01, -2.157889108470199e-01, -4.574277846514494e-01, -1.887352325811296e-01, 6.281659084511743e-01, 1.765633657346349e-01}
			{6.612407236959653e-02, -1.414148286244971e-01, -6.586119265087850e-01, 6.437803821338215e-01, 6.183908084514164e-02, -2.338823378023112e-01, 2.621163839668468e-01, 1.328848143620608e-02}
			{1.219932429321457e-01, -4.122945531040497e-01, 2.377871678316323e-01, -1.237745989049692e-01, 4.059035741933512e-01, -7.503699058983091e-01, -1.145922683560935e-01, -4.820648973308327e-02}
alpha_moments_count = 41
alpha_index_basic_count = 25
alpha_index_basic = {{0, 0, 0, 0}, {0, 1, 0, 0}, {0, 0, 1, 0}, {0, 0, 0, 1}, {0, 2, 0, 0}, {0, 1, 1, 0}, {0, 1, 0, 1}, {0, 0, 2, 0}, {0, 0, 1, 1}, {0, 0, 0, 2}, {0, 3, 0, 0}, {0, 2, 1, 0}, {0, 2, 0, 1}, {0, 1, 2, 0}, {0, 1, 1, 1}, {0, 1, 0, 2}, {0, 0, 3, 0}, {0, 0, 2, 1}, {0, 0, 1, 2}, {0, 0, 0, 3}, {1, 0, 0, 0}, {1, 1, 0, 0}, {1, 0, 1, 0}, {1, 0, 0, 1}, {2, 0, 0, 0}}
alpha_index_times_count = 42
alpha_index_times = {{0, 0, 1, 25}, {1, 1, 1, 26}, {2, 2, 1, 26}, {3, 3, 1, 26}, {1, 4, 1, 27}, {2, 5, 1, 27}, {3, 6, 1, 27}, {1, 5, 1, 28}, {2, 7, 1, 28}, {3, 8, 1, 28}, {1, 6, 1, 29}, {2, 8, 1, 29}, {3, 9, 1, 29}, {4, 4, 1, 30}, {5, 5, 2, 30}, {6, 6, 2, 30}, {7, 7, 1, 30}, {8, 8, 2, 30}, {9, 9, 1, 30}, {10, 10, 1, 31}, {11, 11, 3, 31}, {12, 12, 3, 31}, {13, 13, 3, 31}, {14, 14, 6, 31}, {15, 15, 3, 31}, {16, 16, 1, 31}, {17, 17, 3, 31}, {18, 18, 3, 31}, {19, 19, 1, 31}, {0, 20, 1, 32}, {1, 21, 1, 33}, {2, 22, 1, 33}, {3, 23, 1, 33}, {0, 25, 1, 34}, {0, 26, 1, 35}, {0, 30, 1, 36}, {1, 27, 1, 37}, {2, 28, 1, 37}, {3, 29, 1, 37}, {0, 32, 1, 38}, {0, 34, 1, 39}, {0, 35, 1, 40}}
alpha_scalar_moments = 16
alpha_moment_mapping = {0, 20, 24, 25, 26, 30, 31, 32, 33, 34, 35, 36, 37, 38, 39, 40}
species_coeffs = {-1.566525403732217e+00}
moment_coeffs = {-1.083711190466293e+00, 1.901360839823789e+00, 9.021832190185332e-01, -5.721959626040420e-01, -8.701790823571044e-01, -9.555919393169909e-01, -1.126773043517476e+00, 1.485028220449136e+00, -5.509590012835796e-01, -2.064971249965149e-01, -8.000075371975640e-01, -4.686352153355168e-01, -2.666583242910332e-01, 1.049180028048116e+00, -4.836443126042559e-02, -7.354946500263586e-01}