MTP
version = 1.1.0
potential_name = MTP1m
scaling = 1.615055828898458e-01
species_count = 1
potential_tag = 
radial_basis_type = RBChebyshev
	min_dist = 2.000000000000000e+00
	max_dist = 5.000000000000000e+00
	radial_basis_size = 8
	radial_funcs_count = 3
	radial_coeffs
		0-0
			{3.227599160973176e-01, 5.095952125847225e-01, 1.233818906998364e-01, -5.642483701466976e-01, -4.593399030145861e-01, -2.878377403777355e-01, -9.037290371712557e-02, -2.298842952961707e-02}
			{9.908644962567534e-02, 6.147405945457902e-01, -3.187352757856063e-01, 1.335121804996212e-01, 4.297384042643184e-02, 6.442597140234985e-01, 2.742289360100446e-01, 2.719114426314642e-02}
			{-5.759079777970803e-01, 2.629093058979917e-01, 5.649069652370403e-01, 1.294585094460241e-01, -1.559984811627989e-01, -9.728357610247225e-02, 4.486124864223197e-01, 1.681562632262131e-01}
alpha_moments_count = 41
alpha_index_basic_count = 25
alpha_index_basic = {{0, 0, 0, 0}, {0, 1, 0, 0}, {0, 0, 1, 0}, {0, 0, 0, 1}, {0, 2, 0, 0}, {0, 1, 1, 0}, {0, 1, 0, 1}, {0, 0, 2, 0}, {0, 0, 1, 1}, {0, 0, 0, 2}, {0, 3, 0, 0}, {0, 2, 1, 0}, {0, 2, 0, 1}, {0, 1, 2, 0}, {0, 1, 1, 1}, {0, 1, 0, 2}, {0, 0, 3, 0}, {0, 0, 2, 1}, {0, 0, 1, 2}, {0, 0, 0, 3}, {1, 0, 0, 0}, {1, 1, 0, 0}, {1, 0, 1, 0}, {1, 0, 0, 1}, {2, 0, 0, 0}}
alpha_index_times_count = 42
alpha_index_times = {{0, 0, 1, 25}, {1, 1, 1, 26}, {2, 2, 1, 26}, {3, 3, 1, 26}, {1, 4, 1, 27}, {2, 5, 1, 27}, {3, 6, 1, 27}, {1, 5, 1, 28}, {2, 7, 1, 28}, {3, 8, 1, 28}, {1, 6, 1, 29}, {2, 8, 1, 29}, {3, 9, 1, 29}, {4, 4, 1, 30}, {5, 5, 2, 30}, {6, 6, 2, 30}, {7, 7, 1, 30}, {8, 8, 2, 30}, {9, 9, 1, 30}, {10, 10, 1, 31}, {11, 11, 3, 31}, {12, 12, 3, 31}, {13, 13, 3, 31}, {14, 14, 6, 31}, {15, 15, 3, 31}, {16, 16, 1, 31}, {17, 17, 3, 31}, {18, 18, 3, 31}, {19, 19, 1, 31}, {0, 20, 1, 32}, {1, 21, 1, 33}, {2, 22, 1, 33}, {3, 23, 1, 33}, {0, 25, 1, 34}, {0, 26, 1, 35}, {0, 30, 1, 36}, {1, 27, 1, 37}, {2, 28, 1, 37}, {3, 29, 1, 37}, {0, 32, 1, 38}, {0, 34, 1, 39}, {0, 35, 1, 40}}
alpha_scalar_moments = 16
alpha_moment_mapping = {0, 20, 24, 25, 26, 30, 31, 32, 33, 34, 35, 36, 37, 38, 39, 40}
species_coeffs = {-4.289358367273746e+00}
moment_coeffs = {-1.117481724227097e-01, -3.871185972338687e-01, 5.313604047742865e-03, -3.290837196363618e+00, 1.083737325933250e+00, 1.944070906011412e-01, 3.820798646308096e-03, 4.901073977367253e-01, 2.902844757663285e-01, 4.604584695338852e+00, 9.375661087977505e-01, 1.284949533848454e+00, 2.756824760722049e-01, -3.692454363388886e-01, -2.081928035380882e+00, -1.582537720732617e+00}