MTP
version = 1.1.0
potential_name = MTP1m
scaling = 2.767751873391605e-01
species_count = 1
potential_tag = 
radial_basis_type = RBChebyshev
	min_dist = 2.000000000000000e+00
	max_dist = 5.000000000000000e+00
	radial_basis_size = 8
	radial_funcs_count = 3
	radial_coeffs
		0-0
			{1.641393662939103e-01, 3.707026875964445e-01, 5.773099986416337e-01, -3.743617859384091e-01, 3.108425192887169e-01, -3.870382050438470e-01, -3.074390645515854e-01, -1.458210594020460e-01}
			{-5.621434562457029e-01, 4.990920140075987e-01, 4.875418302614130e-02, -2.337776685849823e-02, -2.312057657005333e-01, -6.885610512902814e-02, -1.528572333808553e-02, 6.111853093485309e-01}
			{5.515921964404819e-01, 4.622025301996912e-01, 3.466581848010739e-03, 3.793378963461496e-03, -6.646350609805551e-01, 1.726445572737565e-01, 1.268478317134353e-02, -1.018903873008518e-01}
alpha_moments_count = 41
alpha_index_basic_count = 25
alpha_index_basic = {{0, 0, 0, 0}, {0, 1, 0, 0}, {0, 0, 1, 0}, {0, 0, 0, 1}, {0, 2, 0, 0}, {0, 1, 1, 0}, {0, 1, 0, 1}, {0, 0, 2, 0}, {0, 0, 1, 1}, {0, 0, 0, 2}, {0, 3, 0, 0}, {0, 2, 1, 0}, {0, 2, 0, 1}, {0, 1, 2, 0}, {0, 1, 1, 1}, {0, 1, 0, 2}, {0, 0, 3, 0}, {0, 0, 2, 1}, {0, 0, 1, 2}, {0, 0, 0, 3}, {1, 0, 0, 0}, {1, 1, 0, 0}, {1, 0, 1, 0}, {1, 0, 0, 1}, {2, 0, 0, 0}}
alpha_index_times_count = 42
alpha_index_times = {{0, 0, 1, 25}, {1, 1, 1, 26}, {2, 2, 1, 26}, {3, 3, 1, 26}, {1, 4, 1, 27}, {2, 5, 1, 27}, {3, 6, 1, 27}, {1, 5, 1, 28}, {2, 7, 1, 28}, {3, 8, 1, 28}, {1, 6, 1, 29}, {2, 8, 1, 29}, {3, 9, 1, 29}, {4, 4, 1, 30}, {5, 5, 2, 30}, {6, 6, 2, 30}, {7, 7, 1, 30}, {8, 8, 2, 30}, {9, 9, 1, 30}, {10, 10, 1, 31}, {11, 11, 3, 31}, {12, 12, 3, 31}, {13, 13, 3, 31}, {14, 14, 6, 31}, {15, 15, 3, 31}, {16, 16, 1, 31}, {17, 17, 3, 31}, {18, 18, 3, 31}, {19, 19, 1, 31}, {0, 20, 1, 32}, {1, 21, 1, 33}, {2, 22, 1, 33}, {3, 23, 1, 33}, {0, 25, 1, 34}, {0, 26, 1, 35}, {0, 30, 1, 36}, {1, 27, 1, 37}, {2, 28, 1, 37}, {3, 29, 1, 37}, {0, 32, 1, 38}, {0, 34, 1, 39}, {0, 35, 1, 40}}
alpha_scalar_moments = 16
alpha_moment_mapping = {0, 20, 24, 25, 26, 30, 31, 32, 33, 34, 35, 36, 37, 38, 39, 40}
species_coeffs = {-1.258204607152018e+01}
moment_coeffs = {-1.785024712042336e+00, -1.699222392982341e+00, -2.438817705107372e-01, 2.440704238599187e-01, 1.433087446541428e+01, -2.184446499393822e-01, -1.398759707088689e-04, -6.204277812227175e-01, -3.935065848564489e-04, 1.609906884377506e-02, 5.357255046485049e+00, -7.164870712112161e-03, 3.473027124429737e-02, -5.943616719946804e-02, -4.223346890778401e-03, 5.035084302464319e-01}