MTP
version = 1.1.0
potential_name = MTP1m
scaling = 4.470073796065738e-02
species_count = 1
potential_tag = 
radial_basis_type = RBChebyshev
	min_dist = 2.000000000000000e+00
	max_dist = 5.000000000000000e+00
	radial_basis_size = 8
	radial_funcs_count = 3
	radial_coeffs
		0-0
			{-5.973336390594447e-01, 9.631581192698059e-02, 3.837428505613262e-01, 1.856702119336852e-01, 5.008905734350536e-01, 4.225111088256063e-01, 1.116044512846683e-01, 1.015934401461221e-01}
			{-1.224424887058520e-02, -5.894846286780308e-01, 6.047172987126076e-01, 5.960634839796631e-02, -4.515423217443043e-01, 1.539809751484160e-01, -2.233933829359505e-01, -7.494537622058164e-02}
			{-7.087561159172012e-02, -2.574357782228759e-02, 2.712393702208030e-01, -3.510249768957212e-01, -1.131619791380325e-01, -3.390380133408157e-01, 4.866964242074984e-01, 6.579504292658370e-01}
alpha_moments_count = 41
alpha_index_basic_count = 25
alpha_index_basic = {{0, 0, 0, 0}, {0, 1, 0, 0}, {0, 0, 1, 0}, {0, 0, 0, 1}, {0, 2, 0, 0}, {0, 1, 1, 0}, {0, 1, 0, 1}, {0, 0, 2, 0}, {0, 0, 1, 1}, {0, 0, 0, 2}, {0, 3, 0, 0}, {0, 2, 1, 0}, {0, 2, 0, 1}, {0, 1, 2, 0}, {0, 1, 1, 1}, {0, 1, 0, 2}, {0, 0, 3, 0}, {0, 0, 2, 1}, {0, 0, 1, 2}, {0, 0, 0, 3}, {1, 0, 0, 0}, {1, 1, 0, 0}, {1, 0, 1, 0}, {1, 0, 0, 1}, {2, 0, 0, 0}}
alpha_index_times_count = 42
alpha_index_times = {{0, 0, 1, 25}, {1, 1, 1, 26}, {2, 2, 1, 26}, {3, 3, 1, 26}, {1, 4, 1, 27}, {2, 5, 1, 27}, {3, 6, 1, 27}, {1, 5, 1, 28}, {2, 7, 1, 28}, {3, 8, 1, 28}, {1, 6, 1, 29}, {2, 8, 1, 29}, {3, 9, 1, 29}, {4, 4, 1, 30}, {5, 5, 2, 30}, {6, 6, 2, 30}, {7, 7, 1, 30}, {8, 8, 2, 30}, {9, 9, 1, 30}, {10, 10, 1, 31}, {11, 11, 3, 31}, {12, 12, 3, 31}, {13, 13, 3, 31}, {14, 14, 6, 31}, {15, 15, 3, 31}, {16, 16, 1, 31}, {17, 17, 3, 31}, {18, 18, 3, 31}, {19, 19, 1, 31}, {0, 20, 1, 32}, {1, 21, 1, 33}, {2, 22, 1, 33}, {3, 23, 1, 33}, {0, 25, 1, 34}, {0, 26, 1, 35}, {0, 30, 1, 36}, {1, 27, 1, 37}, {2, 28, 1, 37}, {3, 29, 1, 37}, {0, 32, 1, 38}, {0, 34, 1, 39}, {0, 35, 1, 40}}
alpha_scalar_moments = 16
alpha_moment_mapping = {0, 20, 24, 25, 26, 30, 31, 32, 33, 34, 35, 36, 37, 38, 39, 40}
species_coeffs = {4.383894703920843e+01}
moment_coeffs = {1.394091213243084e+02, -1.591160155923047e+00, 2.025820105436059e-01, 1.500549857315652e+02, 1.015363281844616e+02, 1.183864766846547e+01, -1.658012127705942e+00, -1.542032724220265e+00, -3.178848892605649e+00, 7.390452030769863e+01, 1.651765144965309e+02, 8.277564092709607e+00, -6.333052453702366e+00, -5.243947921255278e-01, 1.442358776394715e+01, 6.674990530999794e+01}