MTP
version = 1.1.0
potential_name = MTP1m
scaling = 3.414639705327995e-02
species_count = 1
potential_tag = 
radial_basis_type = RBChebyshev
	min_dist = 2.000000000000000e+00
	max_dist = 5.000000000000000e+00
	radial_basis_size = 8
	radial_funcs_count = 3
	radial_coeffs
		0-0
			{-1.942149524329158e-01, -8.397874381014017e-01, 2.609181990324032e-01, 1.002159107484916e-01, -2.147682839001140e-01, -5.518288204175247e-02, 3.574564540843777e-01, -4.438909887226717e-02}
			{-1.813969588092198e-01, 1.769020460284799e-01, 3.530950682856524e-01, 1.861238504346660e-01, -2.676054063938865e-01, 1.879891086178916e-01, -2.306264475629292e-02, 8.179230707249228e-01}
			{5.601279943097246e-01, 2.647333013010030e-01, 3.896507676620825e-01, 4.820046449945326e-02, 3.781625500085405e-02, -3.147653545009567e-01, 6.011683791148126e-01, -1.054444267331140e-02}
alpha_moments_count = 41
alpha_index_basic_count = 25
alpha_index_basic = {{0, 0, 0, 0}, {0, 1, 0, 0}, {0, 0, 1, 0}, {0, 0, 0, 1}, {0, 2, 0, 0}, {0, 1, 1, 0}, {0, 1, 0, 1}, {0, 0, 2, 0}, {0, 0, 1, 1}, {0, 0, 0, 2}, {0, 3, 0, 0}, {0, 2, 1, 0}, {0, 2, 0, 1}, {0, 1, 2, 0}, {0, 1, 1, 1}, {0, 1, 0, 2}, {0, 0, 3, 0}, {0, 0, 2, 1}, {0, 0, 1, 2}, {0, 0, 0, 3}, {1, 0, 0, 0}, {1, 1, 0, 0}, {1, 0, 1, 0}, {1, 0, 0, 1}, {2, 0, 0, 0}}
alpha_index_times_count = 42
alpha_index_times = {{0, 0, 1, 25}, {1, 1, 1, 26}, {2, 2, 1, 26}, {3, 3, 1, 26}, {1, 4, 1, 27}, {2, 5, 1, 27}, {3, 6, 1, 27}, {1, 5, 1, 28}, {2, 7, 1, 28}, {3, 8, 1, 28}, {1, 6, 1, 29}, {2, 8, 1, 29}, {3, 9, 1, 29}, {4, 4, 1, 30}, {5, 5, 2, 30}, {6, 6, 2, 30}, {7, 7, 1, 30}, {8, 8, 2, 30}, {9, 9, 1, 30}, {10, 10, 1, 31}, {11, 11, 3, 31}, {12, 12, 3, 31}, {13, 13, 3, 31}, {14, 14, 6, 31}, {15, 15, 3, 31}, {16, 16, 1, 31}, {17, 17, 3, 31}, {18, 18, 3, 31}, {19, 19, 1, 31}, {0, 20, 1, 32}, {1, 21, 1, 33}, {2, 22, 1, 33}, {3, 23, 1, 33}, {0, 25, 1, 34}, {0, 26, 1, 35}, {0, 30, 1, 36}, {1, 27, 1, 37}, {2, 28, 1, 37}, {3, 29, 1, 37}, {0, 32, 1, 38}, {0, 34, 1, 39}, {0, 35, 1, 40}}
alpha_scalar_moments = 16
alpha_moment_mapping = {0, 20, 24, 25, 26, 30, 31, 32, 33, 34, 35, 36, 37, 38, 39, 40}
species_coeffs = {-4.995134236706622e+00}
moment_coeffs = {-1.268358162587910e+00, -4.844946410895731e-02, 1.305524477774410e+00, 1.070745525068719e+00, 4.833578387691124e+00, -3.217348787339446e+00, -5.132191478416475e+00, -1.116904153320495e-01, 3.770818749326826e-01, 3.863775489681530e+00, -2.489723615882220e+00, 5.930312977237497e+00, -2.591008717380527e+00, 9.962993066814441e-01, 1.205979001396437e+01, 3.675664920126360e+00}