MTP
version = 1.1.0
potential_name = MTP1m
scaling = 7.080596892968129e-02
species_count = 1
potential_tag = 
radial_basis_type = RBChebyshev
	min_dist = 2.000000000000000e+00
	max_dist = 5.000000000000000e+00
	radial_basis_size = 8
	radial_funcs_count = 3
	radial_coeffs
		0-0
			{7.584027015845792e-01, -7.326123101272193e-03, 2.267827673001578e-01, 5.288255813518730e-01, 2.837783161243022e-01, 9.981408609584122e-02, 4.633640779758822e-02, -3.232186782931878e-02}
			{-4.660017893042201e-01, -7.980660396747824e-02, 1.517385992795917e-01, 6.609684466020462e-01, -2.013285443915290e-01, 1.233741407978568e-01, -5.821314248825452e-02, -5.073718717575995e-01}
			{-9.504872083821259e-02, 4.642497018265140e-02, 6.883958167956362e-01, -2.975528508761906e-02, -3.354384217202203e-01, 4.150549573633983e-01, 2.712661927614704e-02, 4.780281148287673e-01}
alpha_moments_count = 41
alpha_index_basic_count = 25
alpha_index_basic = {{0, 0, 0, 0}, {0, 1, 0, 0}, {0, 0, 1, 0}, {0, 0, 0, 1}, {0, 2, 0, 0}, {0, 1, 1, 0}, {0, 1, 0, 1}, {0, 0, 2, 0}, {0, 0, 1, 1}, {0, 0, 0, 2}, {0, 3, 0, 0}, {0, 2, 1, 0}, {0, 2, 0, 1}, {0, 1, 2, 0}, {0, 1, 1, 1}, {0, 1, 0, 2}, {0, 0, 3, 0}, {0, 0, 2, 1}, {0, 0, 1, 2}, {0, 0, 0, 3}, {1, 0, 0, 0}, {1, 1, 0, 0}, {1, 0, 1, 0}, {1, 0, 0, 1}, {2, 0, 0, 0}}
alpha_index_times_count = 42
alpha_index_times = {{0, 0, 1, 25}, {1, 1, 1, 26}, {2, 2, 1, 26}, {3, 3, 1, 26}, {1, 4, 1, 27}, {2, 5, 1, 27}, {3, 6, 1, 27}, {1, 5, 1, 28}, {2, 7, 1, 28}, {3, 8, 1, 28}, {1, 6, 1, 29}, {2, 8, 1, 29}, {3, 9, 1, 29}, {4, 4, 1, 30}, {5, 5, 2, 30}, {6, 6, 2, 30}, {7, 7, 1, 30}, {8, 8, 2, 30}, {9, 9, 1, 30}, {10, 10, 1, 31}, {11, 11, 3, 31}, {12, 12, 3, 31}, {13, 13, 3, 31}, {14, 14, 6, 31}, {15, 15, 3, 31}, {16, 16, 1, 31}, {17, 17, 3, 31}, {18, 18, 3, 31}, {19, 19, 1, 31}, {0, 20, 1, 32}, {1, 21, 1, 33}, {2, 22, 1, 33}, {3, 23, 1, 33}, {0, 25, 1, 34}, {0, 26, 1, 35}, {0, 30, 1, 36}, {1, 27, 1, 37}, {2, 28, 1, 37}, {3, 29, 1, 37}, {0, 32, 1, 38}, {0, 34, 1, 39}, {0, 35, 1, 40}}
alpha_scalar_moments = 16
alpha_moment_mapping = {0, 20, 24, 25, 26, 30, 31, 32, 33, 34, 35, 36, 37, 38, 39, 40}
species_coeffs = {1.858285029675064e+01}
moment_coeffs = {-1.915129763019900e+01, 4.016614800074968e+00, -2.958901622828801e-01, -8.256296928650197e-01, 1.323493354667342e+02, 5.148753646717172e-01, -3.105636747142191e-01, -3.730471298984675e+00, -4.503303892175349e-01, 3.747577764206628e+00, -1.142787284922081e+02, -1.641042916586212e-01, 3.600423623368907e+00, 8.141133603113223e-01, -7.581791699597374e-01, 2.485356411843863e+01}