MTP
version = 1.1.0
potential_name = MTP1m
scaling = 3.414639705327995e-02
species_count = 1
potential_tag = 
radial_basis_type = RBChebyshev
	min_dist = 2.000000000000000e+00
	max_dist = 5.000000000000000e+00
	radial_basis_size = 8
	radial_funcs_count = 3
	radial_coeffs
		0-0
			{1.598228888586136e-01, -5.548842100547601e-01, 1.821410406774197e-01, 4.680897408813776e-01, -3.452304569889740e-01, 4.245278305359140e-02, 5.414968905623723e-01, 8.461849727738620e-03}
			{3.816095293099235e-01, -2.688649903007643e-01, -2.999670184658877e-02, 3.043067387054302e-01, 2.397085293532065e-02, 4.617625342930354e-01, -6.648553703303945e-01, 1.809737181550981e-01}
			{-2.007852623261207e-01, 8.904163505638425e-02, -2.017211257406727e-01, 1.452447372293116e-01, 5.260723541268407e-01, 4.308592632714880e-01, 3.861737183548623e-01, 5.276812023606625e-01}
alpha_moments_count = 41
alpha_index_basic_count = 25
alpha_index_basic = {{0, 0, 0, 0}, {0, 1, 0, 0}, {0, 0, 1, 0}, {0, 0, 0, 1}, {0, 2, 0, 0}, {0, 1, 1, 0}, {0, 1, 0, 1}, {0, 0, 2, 0}, {0, 0, 1, 1}, {0, 0, 0, 2}, {0, 3, 0, 0}, {0, 2, 1, 0}, {0, 2, 0, 1}, {0, 1, 2, 0}, {0, 1, 1, 1}, {0, 1, 0, 2}, {0, 0, 3, 0}, {0, 0, 2, 1}, {0, 0, 1, 2}, {0, 0, 0, 3}, {1, 0, 0, 0}, {1, 1, 0, 0}, {1, 0, 1, 0}, {1, 0, 0, 1}, {2, 0, 0, 0}}
alpha_index_times_count = 42
alpha_index_times = {{0, 0, 1, 25}, {1, 1, 1, 26}, {2, 2, 1, 26}, {3, 3, 1, 26}, {1, 4, 1, 27}, {2, 5, 1, 27}, {3, 6, 1, 27}, {1, 5, 1, 28}, {2, 7, 1, 28}, {3, 8, 1, 28}, {1, 6, 1, 29}, {2, 8, 1, 29}, {3, 9, 1, 29}, {4, 4, 1, 30}, {5, 5, 2, 30}, {6, 6, 2, 30}, {7, 7, 1, 30}, {8, 8, 2, 30}, {9, 9, 1, 30}, {10, 10, 1, 31}, {11, 11, 3, 31}, {12, 12, 3, 31}, {13, 13, 3, 31}, {14, 14, 6, 31}, {15, 15, 3, 31}, {16, 16, 1, 31}, {17, 17, 3, 31}, {18, 18, 3, 31}, {19, 19, 1, 31}, {0, 20, 1, 32}, {1, 21, 1, 33}, {2, 22, 1, 33}, {3, 23, 1, 33}, {0, 25, 1, 34}, {0, 26, 1, 35}, {0, 30, 1, 36}, {1, 27, 1, 37}, {2, 28, 1, 37}, {3, 29, 1, 37}, {0, 32, 1, 38}, {0, 34, 1, 39}, {0, 35, 1, 40}}
alpha_scalar_moments = 16
alpha_moment_mapping = {0, 20, 24, 25, 26, 30, 31, 32, 33, 34, 35, 36, 37, 38, 39, 40}
species_coeffs = {8.325416967869952e-01}
moment_coeffs = {-2.160825902942418e+01, -2.349162810699599e+00, 5.336724619479872e-01, 2.678379246243708e+01, -1.755489456682469e+00, -2.988981790154781e+00, -6.084582498246969e-01, 7.342188027520196e+00, 3.282542304404865e-01, -4.642811842717900e+00, 1.278199324905163e+01, 2.345283928974016e+00, -1.445393644514546e+00, -6.930589944536535e+00, -4.801807844152134e+00, -1.214378954836344e+01}